文件中的对象列表: ['images', 'info', 'structure_profiles']
/
 //structure_profiles
   Dataset: /structure_profiles
     Shape: (76835, 151)
     Data Type: float32
     First 24 elements:
       [ 4.980878   5.5056596  6.056871   6.836337   7.254904   7.6819253
  8.073175   8.408843   8.729668   8.720955   9.008285   9.086034
  9.195507   9.294138   9.451274   9.648481   9.852957  10.06293
 10.356234  10.48948   10.59734   10.648779  10.705939  11.206707
 11.157376  11.340355  11.707044  11.664826  11.893757  12.114756
 12.404821  12.526093  12.974868  13.626111  13.846538  14.114642
 14.5187235 14.858484  15.1546335 15.172658  15.567648  15.718563
 15.894469  15.836062  15.936704  15.914803  15.742909  15.766387
 15.735277  15.679928  15.477869  15.189329  15.160414  15.311945
 15.041345  15.109764  15.19833   14.828526  14.972481  14.907975
 14.78584   14.783866  14.778864  14.879502  14.80524   14.8481245
 14.914944  14.82285   14.7881975 14.689943  14.766989  14.655769
 14.633129  14.413956  14.486284  14.395624  14.313038  14.255106
 14.121788  14.136598  14.068922  13.876671  13.847688  13.791642
 13.686166  13.701912  13.618773  13.6095495 13.726281  13.581134
 13.544029  13.656511  13.528484  13.525315  13.583769  13.67541
 13.623715  13.613326  13.663388  13.757525  13.757255  13.630002
 13.727942  13.676382  13.753145  13.802352  13.839329  13.792984
 13.891117  13.885753  14.0043125 13.89809   13.914854  13.866489
 13.955568  13.996043  13.913079  13.923927  14.006567  14.029475
 14.082931  14.042932  13.956234  13.914407  13.897394  13.91798
 13.9121065 13.894559  13.88632   13.911771  13.947434  13.851165
 13.942674  13.884305  13.928415  13.955023  13.981401  14.090426
 14.137214  14.087858  14.168147  14.143328  14.19309   14.264079
 14.317211  14.289498  14.339833  14.417708  14.627989  14.759752
 14.798572 ]
       [ 8.265781   9.125723   9.922908  11.223894  12.005855  12.416002
 12.784487  12.697591  12.69818   12.806739  12.725297  12.446981
 12.030596  12.061868  12.235833  12.410521  12.61356   12.866371
 13.102827  13.429676  13.461594  14.069748  13.859441  14.08685
 13.945823  14.113726  14.726545  14.593605  14.856856  14.8274145
 15.188294  15.7691345 15.889435  16.791548  16.563652  16.744362
 17.060123  16.952732  17.512037  17.385996  17.434917  17.448606
 17.317055  17.503666  17.339922  17.157965  16.849947  16.687824
 16.674793  16.535345  16.459034  16.429447  15.906524  16.17045
 15.799112  15.804494  16.006514  15.218273  15.507066  15.25274
 15.508287  15.643015  15.213113  15.39773   15.023297  15.219332
 15.052435  15.078022  15.244974  14.699878  15.159083  14.910548
 14.843059  14.757103  14.392784  14.418739  14.217032  14.264396
 14.240247  14.111795  14.248144  13.988893  14.15239   14.268123
 14.041611  13.968926  14.034803  13.997647  14.214218  13.89852
 14.112057  14.0953865 13.83027   13.880476  13.769939  13.79144
 13.517037  13.615924  13.528709  13.576796  13.7816725 13.415512
 13.516968  13.500201  13.308921  13.514529  13.266114  13.329479
 13.244836  13.13828   13.284325  13.221651  13.401889  13.320519
 13.43482   13.5749    13.555847  13.688634  13.59272   13.574416
 13.642445  13.62366   13.643069  13.645747  13.510414  13.695727
 13.560139  13.655784  13.55634   13.423082  13.514063  13.453643
 13.561557  13.678305  13.672397  13.780153  13.698622  13.844086
 13.831127  13.788565  13.912977  13.884022  13.884669  13.760362
 13.8469715 13.902508  13.859691  13.970571  14.053462  14.182943
 14.275602 ]
       [10.779933  12.115868  13.610824  14.196564  15.468363  16.402475
 17.018738  17.476355  17.277485  17.118769  16.267517  16.003695
 15.755909  15.197424  15.154777  14.89216   15.416975  15.499989
 15.51258   15.33007   15.758923  15.408782  15.904718  15.963129
 16.228273  16.243837  16.051058  16.52948   16.428173  16.803726
 16.659544  15.931179  16.369207  15.740979  16.317358  16.151403
 16.073128  15.960035  15.128369  15.411276  15.037048  15.017549
 15.007342  14.81257   14.945653  14.5381155 15.215078  14.976816
 15.004753  14.915592  15.160981  15.253065  15.620037  15.479877
 15.767662  15.899136  15.559539  16.265656  16.043795  16.215096
 15.779833  15.549478  15.975224  15.706833  16.020927  15.534106
 15.6538    15.4985    14.97759   15.433061  15.023246  15.0581
 14.921891  14.859681  14.993309  14.669034  15.009034  14.779298
 15.052714  15.059835  14.855139  15.147599  14.8840475 14.968045
 15.065292  15.031323  14.763547  14.765031  14.405159  14.621316
 14.539352  14.436877  14.405228  14.286408  14.396464  14.181879
 14.351598  14.166136  14.084413  13.967138  13.794556  14.046127
 13.745193  13.595997  13.655223  13.374856  13.742391  13.532382
 13.760956  13.63698   13.538166  13.591496  13.597327  13.851483
 13.7156315 13.604009  13.650513  13.634925  13.670543  13.583305
 13.642407  13.628733  13.666923  13.683931  13.960721  13.847161
 13.969151  13.928397  14.132777  14.133263  14.112176  14.182795
 14.125526  14.175262  14.077949  14.01478   14.29237   14.1445675
 14.076197  14.008673  13.991925  14.055218  14.069615  14.0985155
 13.972522  13.878735  13.982426  14.157754  14.1941185 14.030753
 14.086864 ]
       [13.10622   14.866949  16.408838  18.2815    19.084675  20.086468
 20.5286    20.590921  20.755125  20.081656  19.64095   18.974886
 17.65203   16.948437  16.576725  16.265995  16.161705  16.300959
 16.308867  16.383598  16.461246  16.876768  16.77824   17.165064
 17.129723  17.074749  17.170774  17.305431  17.440805  16.857431
 16.53916   16.806578  16.60668   16.523247  15.760143  16.08338
 15.959714  15.813968  16.212265  15.956154  16.222788  16.437336
 16.130789  16.373142  16.406864  16.476133  16.420513  16.585943
 16.622137  16.785591  16.83144   16.781662  16.648207  16.80967
 16.636562  16.966766  16.921347  16.62284   16.871866  16.622414
 16.91684   16.940178  16.634869  16.708885  16.61326   16.68288
 16.690126  16.730642  16.645224  16.26007   16.476904  16.435305
 16.345783  16.287865  15.95774   16.12857   15.932798  15.999131
 15.852821  15.770024  15.690756  15.55441   15.544196  15.578733
 15.399437  15.409372  15.385496  15.28541   15.404348  15.309915
 15.456579  15.270363  15.178726  15.286408  15.165423  15.174245
 14.94332   14.887915  14.791675  14.607312  14.808078  14.586436
 14.535702  14.584956  14.297338  14.633971  14.440711  14.532911
 14.4432335 14.354275  14.547954  14.583628  14.612706  14.485832
 14.528036  14.567537  14.632026  14.630635  14.605053  14.670391
 14.760328  14.790292  14.904538  14.922881  14.751269  14.962593
 15.01905   15.11637   15.188545  15.064672  15.161695  15.092732
 15.231626  15.282699  15.148655  15.17556   15.057281  15.186349
 15.225226  15.091011  15.089998  15.006843  15.164428  14.982909
 15.174249  15.183898  15.125416  15.160814  15.104006  15.2431755
 15.319681 ]
       [12.545928  13.883808  15.14013   16.805277  17.187284  18.577183
 19.363363  19.868784  20.23756   19.774353  19.656801  18.894812
 17.931671  17.485083  17.134333  16.86972   16.513624  16.38198
 16.263311  16.061039  15.878958  15.808715  15.678215  16.029013
 15.995541  16.240683  16.57989   16.64968   17.014599  17.022696
 17.189974  17.39051   17.53841   17.602507  17.106705  17.722412
 17.73005   17.894938  18.065187  18.00084   18.103853  17.92628
 17.74445   17.884157  17.808542  17.718912  17.463284  17.53643
 17.53861   17.542252  17.37735   17.316807  17.250233  17.232595
 17.164354  17.112665  17.219904  16.879875  16.970896  16.842562
 16.72533   16.805628  16.68619   16.486135  16.379211  16.369585
 16.325712  16.259335  16.233831  16.181969  16.039883  16.105284
 16.020859  15.947655  15.817948  15.796245  15.687194  15.70295
 15.639114  15.477676  15.348875  15.242578  15.023927  14.982103
 14.890096  14.6697    14.658684  14.511046  14.680026  14.621686
 14.495166  14.678377  14.410118  14.411908  14.443518  14.485875
 14.336589  14.300869  14.393518  14.222284  14.185583  14.090942
 13.962835  13.830948  13.668096  13.711119  13.684653  13.632948
 13.643509  13.484928  13.581502  13.418541  13.377251  13.345938
 13.218666  13.111797  13.047056  13.0583515 13.004943  12.958743
 12.898983  12.935741  12.733074  12.730447  12.668958  12.7192135
 12.674666  12.815158  13.01494   12.976896  13.21309   13.208984
 13.3140745 13.382192  13.319398  13.330938  13.332935  13.341598
 13.407991  13.359906  13.319716  13.236357  13.254122  13.24404
 13.206381  13.286292  13.210237  13.214338  13.151339  13.329046
 13.45823  ]
       [15.3834505 17.311625  19.175457  20.514675  22.036104  23.260355
 24.111017  24.650557  24.749842  24.541334  24.008245  23.342766
 22.743792  21.910763  21.333742  21.142525  20.959553  20.876173
 20.679445  20.412598  20.107704  19.771448  19.655079  19.54332
 19.359808  19.103613  18.888138  18.833231  18.614843  18.866749
 18.849665  18.64578   18.559795  18.06989   18.347534  18.33281
 18.205976  18.241085  18.036396  18.167822  18.14202   18.151472
 18.084518  17.799013  17.621191  17.568314  17.542423  17.412271
 17.33453   17.311213  17.065369  17.241993  17.283417  17.259926
 17.271927  17.263502  17.184923  17.303522  17.183453  17.41656
 17.250849  17.257698  17.212717  16.990816  17.197788  16.768564
 16.854078  16.918362  16.690569  16.780592  16.554874  16.60447
 16.441498  16.483995  16.490732  16.255074  16.287523  15.970616
 16.137709  16.185387  15.840764  16.095423  15.855874  15.765267
 15.717849  15.620142  15.6095    15.389367  15.178199  15.331639
 15.304455  15.164571  15.137277  15.072298  15.087549  14.795735
 15.1171    15.011561  14.963003  14.821684  14.732854  15.015726
 14.919777  14.913776  14.838857  14.696961  14.816792  14.529431
 14.681971  14.606157  14.45134   14.515163  14.370143  14.510691
 14.307847  14.264656  14.314054  14.140371  14.224501  14.143921
 14.191506  14.082604  13.985305  13.960218  14.07437   14.036899
 13.979051  13.914267  13.944625  14.084255  13.868784  13.929437
 13.941528  13.937262  13.805318  13.846265  13.9076805 13.810007
 13.894921  13.864867  13.768367  13.808203  13.521934  13.547165
 13.322363  13.445286  13.468503  13.487202  13.561982  13.612712
 13.783142 ]
       [15.279813  17.29508   19.075203  20.516285  22.02842   23.272936
 24.141994  24.700272  24.808107  24.742224  24.198982  23.58227
 23.23167   22.735977  22.461838  22.260723  22.233051  22.166101
 21.841808  21.60298   21.374928  20.771673  20.78034   20.378721
 20.187702  20.111776  19.786442  19.869434  19.665611  19.736626
 19.75812   19.77631   19.82831   19.569138  19.954586  20.014551
 19.939848  19.953596  19.588993  19.651045  19.45329   19.15105
 19.25546   18.967463  18.760237  18.476067  18.421825  18.23616
 18.013462  17.882643  17.77766   17.602716  17.71896   17.492517
 17.58015   17.43767   17.376795  17.7227    17.44239   17.491026
 17.348763  17.274117  17.409504  17.091143  17.228813  17.057152
 16.998117  16.843033  16.742815  16.948898  16.685524  16.600832
 16.56193   16.519604  16.643084  16.29926   16.319283  16.15717
 16.129099  16.167048  15.989815  16.030338  15.788609  15.70568
 15.680203  15.694325  15.576804  15.404995  15.190912  15.298271
 15.216305  15.066025  15.098353  14.929546  14.923917  14.765354
 14.908934  14.797727  14.805705  14.69181   14.601169  14.90238
 14.860112  14.785788  14.78001   14.620524  14.813444  14.736658
 14.760869  14.856515  14.673233  14.682873  14.700692  14.8233185
 14.704153  14.645203  14.672068  14.544764  14.683595  14.663989
 14.605205  14.590493  14.509737  14.541961  14.661256  14.481284
 14.462356  14.306372  14.412725  14.477506  14.410455  14.498861
 14.419516  14.366232  14.34975   14.4297    14.503365  14.455727
 14.333842  14.418473  14.356028  14.41624   14.417546  14.357611
 14.166898  14.135035  14.428598  14.456341  14.568936  14.631445
 14.770117 ]
       [15.467095 17.34796  19.172762 21.005768 22.41837  23.492056 24.490316
 25.02916  25.237652 25.025223 24.676943 24.117567 23.516445 22.990517
 22.875988 22.694708 22.687012 22.711721 22.658125 22.542439 22.28517
 22.275896 21.825283 21.904232 21.82475  21.531496 21.45454  21.170887
 20.901392 20.707857 20.498667 20.23208  19.958439 19.731968 19.421934
 19.456985 19.438665 19.220598 19.305906 18.986042 18.860987 18.887028
 18.828564 18.744473 18.623644 18.535234 18.479063 18.505577 18.513205
 18.516539 18.40245  18.370087 18.061913 18.311028 18.193546 18.098253
 18.20795  17.95267  18.011734 18.001036 17.977852 17.870707 17.617147
 17.49902  17.442205 17.564621 17.373446 17.370853 17.538782 17.301056
 17.404865 17.421206 17.427023 17.38053  17.124454 17.2442   17.11539
 17.155231 17.037773 17.077406 17.10574  17.07428  17.012457 16.925846
 16.850634 16.747015 16.820631 16.723038 16.83139  16.693968 16.658155
 16.615585 16.569439 16.632622 16.474422 16.504936 16.263336 16.310421
 16.373499 16.241062 16.32388  16.157337 16.177534 16.09232  15.939141
 16.048655 15.880944 15.749389 15.729945 15.699057 15.723507 15.65339
 15.620986 15.426763 15.468384 15.438429 15.422489 15.415806 15.373422
 15.428812 15.301281 15.428534 15.513529 15.514531 15.292153 15.418334
 15.29295  15.380379 15.33986  15.190743 15.260253 15.138075 15.225498
 15.221404 15.14952  15.172642 15.10645  15.169631 15.361591 15.256303
 15.257003 15.192884 15.303763 15.195114 15.175747 15.145996 14.961533
 14.997389 14.882834 14.966903 14.792434]
       [13.340602  15.067335  16.790068  17.897852  19.398073  20.127602
 21.213184  22.02696   22.08364   22.100363  21.524673  21.258003
 20.998102  20.404549  20.251232  19.839775  20.039495  19.837776
 19.612822  19.36827   19.12673   18.608713  18.628498  18.49626
 18.61377   18.508026  18.33337   18.387817  18.12084   18.352062
 18.33129   18.240028  18.237928  17.772842  18.07668   17.849924
 17.92851   17.924809  17.413317  17.499722  17.21122   17.385475
 17.317371  17.114666  16.990702  16.612303  17.06961   16.836277
 16.725767  16.673216  16.535286  16.652933  16.785904  16.817888
 16.952988  17.061476  17.029564  17.074715  16.878433  17.023216
 16.63792   16.777025  16.75009   16.53427   16.62372   16.45277
 16.504639  16.387972  16.23093   16.447178  16.365126  16.465494
 16.360558  16.642857  16.704939  16.50982   16.768589  16.483175
 16.563955  16.501122  16.279724  16.508902  16.272486  16.28614
 16.369219  16.518799  16.295397  16.18474   16.113688  16.235075
 16.090296  16.116734  16.04021   16.015324  15.884088  15.853259
 16.122654  16.05367   16.062819  15.963477  16.01711   16.169218
 16.149893  16.111086  16.202307  16.060207  16.191202  15.995578
 16.17762   16.131733  15.879627  15.974759  15.9527645 16.152758
 15.917034  15.658196  15.661038  15.667167  15.739976  15.791739
 15.788077  15.612926  15.460272  15.552025  15.66894   15.464791
 15.384813  15.302464  15.370514  15.369255  15.26149   15.178156
 15.239247  15.079265  15.155563  15.260226  15.367204  15.14097
 15.095041  15.227705  14.846604  14.832114  14.807287  14.916971
 14.639278  14.529445  14.984204  15.10188   15.307467  15.40738
 15.661971 ]
       [13.676287  15.303545  16.84884   18.609997  19.588655  20.797075
 21.32656   21.568325  21.776451  21.664402  21.509493  20.850441
 20.018084  19.74024   19.57607   19.697927  19.342506  19.543133
 19.55033   19.539259  19.3338    19.492495  19.220612  19.065144
 18.689518  18.620272  18.4983    18.251154  18.146587  17.863384
 17.80985   17.813816  17.739214  18.158066  17.632004  17.706102
 17.679068  17.63153   18.045652  17.835718  17.95025   17.746416
 17.797901  17.973396  18.03837   18.216885  17.654406  17.839586
 17.991707  17.760204  17.667074  17.555082  17.216002  17.156654
 16.92693   16.779266  16.63841   16.359089  16.393623  16.255379
 16.402702  16.273111  16.201378  16.380621  16.057837  16.27356
 16.34778   16.209818  16.353455  15.863584  16.019447  15.873265
 15.840065  15.649046  15.538103  15.807473  15.647181  15.829622
 15.917386  15.7471485 16.005066  15.642294  15.762082  15.776399
 15.52723   15.363487  15.342     15.266743  15.301015  15.154328
 15.195344  15.13864   15.135999  15.320189  15.331242  15.53674
 15.366009  15.511568  15.555605  15.591296  15.782106  15.605055
 15.649985  15.663609  15.579977  15.946691  15.653399  15.70659
 15.656383  15.639403  15.72985   15.485808  15.642848  15.42806
 15.5108    15.590475  15.493247  15.6139765 15.358524  15.489135
 15.394817  15.348537  15.417101  15.395928  15.237872  15.371926
 15.378917  15.479283  15.431979  15.242789  15.203008  15.019333
 15.189299  15.142349  15.109942  15.017928  14.915231  15.10589
 15.249655  15.07462   15.064283  14.928175  15.109193  14.91194
 15.033198  14.949063  14.805475  14.815462  14.816216  15.02494
 14.948919 ]
       [13.465514  15.099608  16.721909  17.919855  19.221897  20.276705
 21.033257  21.578377  21.415754  21.282661  20.552935  20.153725
 19.786177  19.124617  18.994856  18.615164  18.701311  18.85075
 18.703768  18.541836  18.52418   18.290298  18.315683  18.089025
 18.215216  18.056673  18.105955  18.14451   18.096102  18.349121
 18.406713  18.33801   18.431175  18.113365  18.398705  18.60381
 18.68431   18.75327   18.353912  18.510468  18.27548   18.398802
 18.33131   18.057247  17.874681  17.241278  17.380959  17.24256
 16.806927  16.72314   16.541265  16.557714  16.48216   16.387085
 16.370914  16.342466  16.243202  16.367844  16.193296  16.170303
 15.938356  15.980657  15.957739  15.693689  15.792665  15.708475
 15.629989  15.609683  15.483448  15.749947  15.706871  15.809568
 15.811202  15.977106  16.052574  15.826923  16.041704  15.681649
 15.78442   15.934934  15.777119  15.848903  15.74389   15.698736
 15.631265  15.734721  15.550207  15.451189  15.22146   15.21691
 15.236374  15.119865  15.195862  15.091133  15.124605  15.015543
 15.230643  15.298546  15.3284    15.378156  15.463774  15.679468
 15.704251  15.654701  15.853163  15.720122  15.770316  15.575294
 15.714595  15.84493   15.595866  15.561018  15.639147  15.7090435
 15.570623  15.391942  15.559233  15.372398  15.444889  15.327664
 15.450424  15.25983   15.111829  15.045362  15.223166  15.021094
 15.082732  15.13078   15.174213  15.270855  15.036545  15.068075
 15.102894  14.957579  14.977692  15.016817  15.136516  15.119839
 15.043043  15.154387  14.93293   15.045412  14.9191265 14.884755
 14.669957  14.649105  15.091963  15.079614  15.264078  15.337546
 15.632217 ]
       [15.070844  17.09855   19.015656  20.080887  21.798834  22.776638
 23.467588  23.856642  23.738415  23.512999  22.687366  22.123049
 21.568388  20.886393  20.620897  20.369053  20.405176  20.476551
 20.29353   20.18685   20.03294   19.665503  19.663984  19.465048
 19.356464  19.008207  18.743061  18.651545  18.221199  18.49729
 18.449781  18.240839  18.20055   17.733572  18.259714  18.152489
 18.20711   18.290478  18.116625  18.263115  18.089487  18.315443
 18.286034  18.266565  18.137354  17.970575  18.123438  18.059223
 17.854877  17.824062  17.639183  17.582504  17.589891  17.548084
 17.42001   17.299639  17.1711    17.303709  17.156515  17.230528
 16.968428  16.933088  16.879992  16.528864  16.658749  16.24535
 16.288292  16.279118  16.137642  16.226168  16.051392  16.028055
 15.844048  15.925378  15.864216  15.690715  15.806325  15.583159
 15.656938  15.736224  15.663386  15.860779  15.7811165 15.712312
 15.696549  15.83124   15.88142   15.875303  15.865868  16.046026
 16.085583  16.10039   16.2536    16.27751   16.24013   16.08245
 16.384594  16.382378  16.343388  16.397972  16.453697  16.61752
 16.59939   16.58526   16.69545   16.594572  16.661327  16.49454
 16.599598  16.667652  16.528875  16.669987  16.559662  16.59431
 16.51981   16.497164  16.621342  16.450134  16.431639  16.366604
 16.32432   16.426859  16.320917  16.398798  16.437265  16.341658
 16.29687   16.202358  16.112862  16.213701  15.97297   16.071745
 15.966147  15.925264  15.879723  15.886892  15.885284  15.918416
 15.907267  15.977564  15.825927  15.9520235 15.802203  15.771216
 15.629292  15.654174  15.907109  15.85975   15.83611   15.90058
 15.859141 ]
       [13.579523  15.260305  16.816957  18.608282  19.698149  20.600464
 21.428242  21.786776  21.852558  21.662231  21.502913  21.051275
 20.116858  19.698309  19.437822  19.48447   19.40865   19.567099
 19.740698  19.879683  19.789965  20.006124  19.874704  20.015541
 19.97578   19.953274  19.955788  19.6575    19.532057  19.183762
 19.016134  19.027184  18.67688   18.777037  18.326244  18.145273
 18.197691  17.960535  18.114573  18.005598  18.334263  18.358438
 18.197784  18.23869   18.213379  18.43706   18.113974  18.189947
 18.364216  18.267305  18.090342  18.060825  17.818466  17.934448
 17.646345  17.490362  17.468592  17.121817  17.077427  16.97623
 16.980614  16.825062  16.572992  16.639242  16.432106  16.471882
 16.33391   16.282068  16.296423  15.964286  16.106543  16.047047
 16.066164  15.864552  15.796933  16.00649   15.825     15.947422
 15.97022   15.815568  15.953497  15.823609  15.929292  15.991499
 15.854865  15.705024  15.935237  15.843933  15.948623  15.956342
 15.9132805 15.982963  15.947777  16.008018  16.103968  16.22698
 16.03753   16.115454  16.193678  16.163992  16.324549  16.203451
 16.247776  16.307268  16.174658  16.426756  16.27117   16.282007
 16.3587    16.176943  16.325062  16.201397  16.239944  16.127327
 16.19109   16.185488  16.24627   16.224627  16.128883  16.229254
 16.143879  16.128565  16.115606  16.009928  15.9907675 15.991375
 15.8176565 15.938678  15.903112  15.714053  15.712717  15.618904
 15.689192  15.733594  15.632874  15.63557   15.5945015 15.739725
 15.928756  15.810558  15.839228  15.695459  15.729687  15.705854
 15.709823  15.69709   15.608154  15.526046  15.505732  15.655346
 15.713571 ]
       [12.908231  14.502747  16.109423  17.426802  18.748693  19.705687
 20.496113  21.010012  21.125887  20.988632  20.652798  20.207645
 19.731234  19.31664   19.152102  19.086094  19.052488  19.075727
 19.075043  18.964417  18.818163  18.664835  18.626762  18.54602
 18.520836  18.471222  18.397669  18.415691  18.25028   18.354137
 18.402544  18.293905  18.34302   18.216253  18.37683   18.410732
 18.397953  18.500614  18.403385  18.352173  18.388489  18.449621
 18.436113  18.343098  18.339386  18.22646   18.211208  18.202188
 18.141361  18.158138  18.009146  18.030584  17.97553   17.971302
 18.002394  17.893461  17.890203  17.889507  17.891983  17.899364
 17.815233  17.730186  17.69331   17.589367  17.618902  17.472233
 17.402185  17.376587  17.212015  17.251911  17.142338  17.112846
 17.044584  16.90904   16.912636  16.825893  16.808317  16.69051
 16.669048  16.735552  16.63945   16.729885  16.562925  16.581713
 16.57419   16.458935  16.500563  16.438694  16.414408  16.428146
 16.415352  16.45954   16.479317  16.426714  16.40551   16.312277
 16.403334  16.393509  16.337109  16.365847  16.268026  16.390272
 16.281902  16.196379  16.210611  16.215767  16.105045  16.06206
 16.151619  16.11746   16.082336  16.174572  16.097336  16.132376
 16.06574   16.03293   16.12007   16.024666  15.940419  16.006765
 15.946399  16.03553   15.911396  15.874665  15.907447  15.778647
 15.7779255 15.767429  15.747946  15.701188  15.609463  15.655256
 15.541571  15.568119  15.457112  15.442765  15.421418  15.51935
 15.581372  15.513858  15.386014  15.46296   15.458045  15.35786
 15.202391  15.138834  15.270298  15.173582  15.034287  15.135666
 15.103548 ]
       [11.944921 13.4352   14.863673 16.053648 17.283886 17.975788 18.80313
 19.116282 19.061604 19.063381 18.558718 18.157928 17.725767 17.246153
 17.192104 17.162422 17.111662 17.365753 17.47177  17.587894 17.527567
 17.727386 17.698444 17.639858 17.713982 17.815935 17.814398 17.788012
 17.89983  18.047985 18.224554 18.174831 18.217855 18.317482 18.49293
 18.440386 18.628809 18.568945 18.527252 18.563824 18.418724 18.472134
 18.45834  18.260807 18.18687  18.03916  17.86751  17.966633 18.007687
 18.10487  17.929611 18.087368 17.92419  17.930967 17.970446 17.960012
 17.98561  17.845465 18.038393 17.931252 17.94532  17.86901  17.839914
 17.91535  17.815989 17.862137 17.798248 17.721413 17.598352 17.558317
 17.545599 17.432854 17.336622 17.229956 17.074831 17.01556  16.925974
 16.884834 16.85071  16.752    16.607132 16.530117 16.527884 16.420586
 16.449953 16.3493   16.330482 16.315098 16.327187 16.293201 16.257725
 16.180069 16.154549 16.1588   16.155684 16.25578  16.088505 16.146765
 16.133224 16.171108 16.241056 16.174978 16.14002  16.16234  16.045773
 16.11406  16.083218 15.997826 16.059307 16.029106 16.019064 15.959435
 15.963724 15.900376 15.919737 15.851682 15.865061 15.844071 15.705799
 15.836216 15.853153 15.836676 15.699193 15.663883 15.723133 15.720346
 15.599126 15.699143 15.640717 15.616339 15.665143 15.684583 15.684384
 15.632301 15.566776 15.633223 15.591742 15.548263 15.705025 15.663387
 15.575254 15.567072 15.555768 15.576726 15.544657 15.562449 15.583798
 15.52999  15.456962 15.600822 15.689679]
       [11.656396  13.115499  14.579589  15.758176  17.014942  17.483442
 18.476484  18.789679  18.642256  18.602509  18.035427  17.591526
 17.137434  16.546999  16.467297  16.368526  16.342356  16.555544
 16.6531    16.79783   16.844063  17.135197  17.26424   17.35928
 17.576178  17.840363  17.903759  17.994379  18.187017  18.446537
 18.67268   18.577091  18.741352  18.896112  19.139345  18.991644
 19.379026  19.325586  19.285242  19.375471  19.266685  19.353746
 19.364334  19.129974  19.147247  19.011803  18.82658   18.851885
 18.834887  18.889902  18.718208  18.776962  18.543314  18.524668
 18.44727   18.413624  18.44148   18.21015   18.354239  18.183584
 18.122597  18.139622  18.127167  18.146057  18.016687  18.054731
 18.011427  17.943972  17.837933  17.78425   17.742546  17.607351
 17.54799   17.46558   17.27863   17.194118  17.059643  17.091599
 17.063793  16.966116  16.890411  16.762184  16.792768  16.732708
 16.73353   16.679947  16.612474  16.567915  16.587196  16.448288
 16.403292  16.362244  16.289938  16.20388   16.150137  16.238674
 16.055323  16.130259  16.103031  16.088587  16.11679   16.08268
 16.15036   16.194304  16.00861   16.065193  16.06462   16.03308
 16.113237  16.029423  16.022875  15.913537  15.974112  15.988983
 15.996902  15.971135  15.954858  15.991183  15.932223  16.051218
 16.0906    16.076359  15.979124  15.952512  16.016224  16.000753
 15.907786  16.02062   15.934822  15.883536  15.90744   15.933874
 15.947322  15.896178  15.79392   15.862319  15.871244  15.837864
 15.956522  15.839498  15.755891  15.7740135 15.808156  15.86735
 15.852833  15.870029  15.931716  15.965788  15.994127  16.110214
 16.205334 ]
       [11.854745  13.430191  14.767525  16.604435  16.915283  18.280561
 19.036772  19.50584   19.875233  19.322302  19.176788  18.34882
 17.328787  16.708252  16.205458  15.742381  15.392365  15.166129
 14.984577  14.878643  14.866455  15.1503725 15.173441  15.757617
 16.11561   16.69309   17.410234  17.871552  18.420996  18.399542
 18.583908  19.140236  19.434195  19.733576  18.915966  19.463173
 19.311218  19.339298  19.438286  19.341934  19.616072  19.383108
 19.36104   19.446901  19.32664   19.346098  19.141092  19.108355
 19.035116  19.03659   19.013746  18.976976  18.804184  18.839508
 18.735258  18.726648  18.831814  18.538336  18.540245  18.456139
 18.401405  18.475523  18.639917  18.726025  18.526175  18.668015
 18.520866  18.334517  18.296566  18.25384   18.2733    18.106249
 18.14176   18.041908  17.958355  18.09097   17.901474  18.047546
 17.917526  17.885838  17.965069  17.845747  17.8441    17.857332
 17.77542   17.755625  17.716215  17.584673  17.607414  17.433859
 17.328644  17.409859  17.303425  17.29854   17.28378   17.329947
 17.148392  17.276638  17.234882  17.245968  17.303148  17.190168
 17.14872   17.125496  17.081217  17.141682  17.03541   17.080019
 17.00123   17.10248   17.097176  16.95823   17.00659   16.921028
 16.853695  16.813059  16.782827  16.736458  16.544664  16.569925
 16.548225  16.535389  16.388054  16.322119  16.221334  16.088356
 16.124348  16.168196  16.091507  15.975114  15.9463005 15.951143
 15.885887  15.839551  15.755838  15.65685   15.563601  15.611588
 15.735874  15.830102  15.575102  15.53203   15.685317  15.607779
 15.574209  15.505902  15.533133  15.43715   15.295385  15.559878
 15.531956 ]
       [12.191264 13.698507 15.122385 16.55104  17.600294 18.42579  18.993977
 19.23322  19.344965 19.070528 18.736433 18.141304 17.504738 17.014454
 16.762571 16.663643 16.664497 16.728281 16.691437 16.7329   16.839605
 17.020802 17.212166 17.447458 17.685938 17.96948  18.416817 18.496813
 18.755283 18.992216 19.252052 19.53459  19.844618 20.204895 20.364702
 20.458223 20.593588 20.661499 20.796833 20.88485  21.000412 20.925062
 20.865849 20.896088 20.777264 20.676449 20.533588 20.418758 20.22568
 20.189323 19.964977 19.880033 19.760962 19.70885  19.5905   19.633242
 19.651814 19.366013 19.371086 19.330826 19.304138 19.242342 19.213911
 19.158104 19.159782 18.86513  18.917843 18.84951  18.791536 18.782202
 18.75341  18.570501 18.401354 18.392515 18.317284 18.124521 18.001383
 17.972118 17.938726 17.897083 17.830763 17.92408  17.853418 17.810844
 17.76617  17.826797 17.821949 17.737284 17.742693 17.845486 17.898907
 17.87979  17.872686 17.876663 17.78594  17.638247 17.720463 17.716288
 17.707071 17.726746 17.751118 17.770401 17.720707 17.768116 17.810104
 17.648808 17.63184  17.57435  17.572659 17.568808 17.555094 17.567865
 17.419466 17.466614 17.345417 17.361565 17.408749 17.196316 17.119806
 17.1346   17.109957 17.110329 16.982182 17.013369 16.929905 16.865282
 16.794022 16.711758 16.67293  16.55477  16.491491 16.566885 16.52267
 16.508385 16.43832  16.380184 16.400557 16.391022 16.430449 16.396824
 16.240744 16.22531  16.207067 16.213781 16.090591 16.132578 16.193054
 16.083189 16.022972 16.101252 16.086018]
       [10.986417 12.238206 13.395448 14.681326 15.599219 16.761065 16.792501
 17.245007 17.550268 17.410015 17.115686 16.608295 16.013056 15.603435
 15.383408 15.206403 15.392558 15.387136 15.405236 15.474965 15.704629
 15.978565 16.257048 16.658298 16.93918  17.174965 17.994705 18.651674
 19.167957 19.632353 19.886486 20.571661 20.82788  21.052883 21.226128
 21.379389 21.094988 21.490057 21.634598 21.811378 21.7641   21.737505
 21.51047  21.71359  21.75093  21.5636   21.649427 21.290653 21.167904
 21.004742 20.957685 20.840101 20.651445 20.6271   20.507133 20.384205
 20.361256 20.479103 20.316048 20.39421  20.326635 20.426964 20.33627
 20.273436 20.318726 20.198662 20.164194 20.09157  19.98767  20.003609
 19.824509 19.730444 19.507242 19.620974 19.668053 19.402655 19.4171
 19.257086 19.278461 19.25874  19.130535 19.171728 18.973307 18.931269
 18.874645 18.863089 18.785633 18.624788 18.526646 18.550634 18.577568
 18.471542 18.479988 18.497753 18.407888 18.321318 18.466145 18.31067
 18.235077 18.183386 18.152134 18.215096 18.099468 17.997503 18.089403
 17.87998  17.877075 17.796795 17.805706 17.712378 17.559595 17.688343
 17.516903 17.573364 17.454037 17.476208 17.502321 17.283949 17.33868
 17.231703 17.24127  17.163395 17.093178 17.177345 17.055666 17.057068
 17.056906 16.91926  16.955618 16.905806 16.848375 16.932156 16.846317
 16.857233 16.852224 16.83101  16.90712  16.818092 16.768944 16.658628
 16.531939 16.47204  16.383066 16.456253 16.32473  16.37547  16.448452
 16.449091 16.64922  16.663713 16.871996]
       [11.94339  13.49896  15.077586 16.240608 17.496017 18.20877  19.200792
 19.732086 19.73087  19.6389   19.345522 18.967852 18.529915 18.124834
 17.979555 17.915691 17.87966  18.009506 17.996193 18.055101 18.085049
 18.249086 18.319859 18.32487  18.674706 19.103466 19.23119  19.4386
 19.781483 20.191236 20.615028 20.677616 21.097385 21.338713 21.597954
 21.540281 21.923649 21.987623 21.958282 21.778193 21.850958 21.783892
 21.856218 21.601076 21.5867   21.573463 21.36308  21.36244  21.401743
 21.451689 21.307522 21.320297 21.153114 21.107262 21.083765 21.01914
 21.015598 20.74889  20.748117 20.64142  20.547737 20.526337 20.451418
 20.405863 20.320227 20.290104 20.359367 20.342783 20.313503 20.237925
 20.252499 20.213675 20.2745   20.138048 20.109539 20.118555 19.987259
 19.935526 20.014767 19.91024  19.841019 19.817902 19.73491  19.746529
 19.758953 19.64369  19.694374 19.493286 19.540663 19.578617 19.493053
 19.60347  19.359219 19.278938 19.291191 19.329123 19.159521 19.099129
 19.055475 18.973944 18.965557 18.85536  18.754599 18.691893 18.454014
 18.499    18.480074 18.293032 18.356049 18.229399 18.300297 18.231716
 18.137379 18.131193 18.063387 17.93451  17.905142 17.875038 17.813606
 17.747904 17.672411 17.667843 17.515339 17.424564 17.406591 17.342514
 17.204885 17.213842 17.217203 17.134516 17.218636 17.061552 17.057613
 17.012976 16.86111  16.896414 16.919857 16.800198 16.800291 16.688408
 16.70193  16.678957 16.601305 16.53096  16.429483 16.422012 16.478788
 16.518875 16.519644 16.581482 16.6389  ]
       [11.289329 12.584184 13.727717 15.194841 15.86044  17.02687  17.474287
 17.399103 17.525692 17.220314 17.078247 16.497335 15.853989 15.657542
 15.628462 15.924941 16.270168 16.702211 16.931131 17.28535  17.734312
 18.214964 18.567968 18.93983  19.161093 19.439608 19.830053 19.982826
 20.338392 20.212328 20.179802 20.484621 20.513203 20.618195 20.356768
 20.703316 20.578775 20.422058 20.620275 20.605457 20.751972 20.48172
 20.36837  20.533358 20.518127 20.589832 20.405357 20.510149 20.40093
 20.446901 20.485952 20.434496 20.346546 20.22873  20.189247 20.08604
 20.033998 19.663267 19.81449  19.783346 19.742418 19.807064 19.599455
 19.589773 19.531431 19.409464 19.359125 19.358269 19.218151 19.003132
 19.005882 18.955431 18.912409 18.877396 18.615736 18.708431 18.566025
 18.690998 18.65613  18.539799 18.577293 18.44049  18.506973 18.505909
 18.352037 18.254696 18.17157  17.958199 18.095552 18.070017 17.854298
 17.756645 17.630327 17.771158 17.730879 17.72603  17.60152  17.685928
 17.560707 17.599293 17.718372 17.53257  17.513876 17.484642 17.283718
 17.53064  17.268425 17.18479  17.255358 17.002415 17.056566 16.92181
 16.91538  16.757277 16.751644 16.825771 16.804375 16.942217 16.765541
 16.893335 16.838253 16.812464 16.878069 16.752172 16.727665 16.671894
 16.570402 16.629122 16.519215 16.448347 16.356047 16.22593  16.285864
 16.294992 16.175484 16.116344 16.070614 16.181068 16.30275  16.202654
 16.15519  15.999603 15.909953 15.763443 15.834646 15.676076 15.523444
 15.415291 15.31902  15.469873 15.456609]
       [10.816934  12.160274  13.431542  14.656201  15.644944  16.412773
 17.02522   17.436432  17.455267  17.52745   17.180132  16.983046
 16.777998  16.542534  16.728596  16.728296  17.110687  17.450422
 17.564777  17.63786   17.801916  18.026619  18.045958  18.219187
 18.206764  18.22334   18.379118  18.402565  18.602045  18.68469
 18.71492   18.996323  19.203495  19.413607  19.684904  19.770681
 19.999846  20.093332  20.208088  20.424583  20.274508  20.343071
 20.409956  20.371616  20.46031   20.365591  20.415833  20.469751
 20.4601    20.403858  20.610992  20.737484  20.611807  20.729654
 20.588144  20.565464  20.643734  20.379084  20.455976  20.338173
 20.188238  20.315058  20.219938  20.08887   20.107378  20.13272
 20.097672  20.047344  20.113407  20.117443  20.040949  19.976406
 20.128592  20.088047  19.937107  19.911482  19.683113  19.83869
 19.712835  19.441387  19.552073  19.479103  19.36433   19.347353
 19.271036  19.148605  19.077057  18.835182  18.876125  18.754957
 18.547823  18.490614  18.26253   18.179659  18.088535  18.089792
 17.893309  17.88707   17.797028  17.796679  17.727306  17.731417
 17.631933  17.504192  17.382483  17.40198   17.29185   17.265144
 17.104382  16.976248  17.0577    16.924347  16.883572  16.75147
 16.612305  16.515522  16.573254  16.491692  16.500404  16.490065
 16.435858  16.411654  16.43615   16.501518  16.337646  16.264786
 16.27655   16.380075  16.415497  16.310333  16.319862  16.391695
 16.289927  16.303753  16.26418   16.23584   16.158924  16.049973
 16.045227  16.021193  15.946653  15.885771  15.846986  15.672495
 15.54391   15.5462675 15.563817  15.566765  15.590308  15.692624
 15.849924 ]
       [ 0.         7.1859093 14.226539  20.865261  26.799189  31.75441
 35.549522  38.129086  39.559322  40.        39.443733  39.19554
 38.84279   38.347824  37.66568   36.74849   35.555344  34.06822
 32.310436  30.358421  28.335371  26.383358  24.625574  23.138449
 21.945305  21.028112  20.345966  19.851002  19.498251  19.250061
 18.693792  18.754383  18.864664  18.90716   18.96001   18.985518
 19.056435  19.185     19.464334  19.575302  19.825106  19.824963
 19.960701  20.097343  20.288198  20.468279  20.4549    20.506134
 20.470753  20.642838  20.670393  20.675093  20.666733  20.577055
 20.645182  20.599909  20.653412  20.430248  20.469995  20.427896
 20.406664  20.467411  20.313284  20.260534  20.330845  20.156086
 20.119429  20.121893  19.960691  19.867748  19.879576  19.838284
 19.86587   19.795204  19.694601  19.774145  19.692013  19.705223
 19.688568  19.561863  19.570744  19.448214  19.492826  19.485989
 19.368462  19.194616  19.199602  18.940748  19.074858  18.878965
 18.770653  18.708939  18.588448  18.623795  18.575146  18.461227
 18.256279  18.282228  18.164907  18.160223  18.213829  18.010654
 17.95853   17.901897  17.744267  17.902376  17.676315  17.620747
 17.579964  17.422739  17.52992   17.381767  17.39376   17.242374
 17.245716  17.25472   17.218184  17.269318  17.084082  17.096256
 17.0099    17.02304   17.104557  16.953215  16.857815  16.765724
 16.70424   16.788513  16.68994   16.631638  16.577007  16.525908
 16.548815  16.574385  16.519405  16.431513  16.36677   16.408806
 16.443838  16.412647  16.33199   16.201702  16.174812  16.1036
 16.23097   16.080017  15.950056  15.941249  15.872624  15.980249
 15.861773 ]
       [ 0.         6.8195105 13.460485  19.662832  25.15849   29.73395
 33.270287  35.75393   37.261055  38.        37.482857  37.25212
 36.92418   36.464027  35.829857  34.977173  33.867947  32.485413
 30.85126   29.036533  27.15577   25.341045  23.70689   22.324358
 21.21513   20.362446  19.728277  19.268124  18.940184  18.709448
 18.192305  18.288769  18.34346   18.474182  18.485556  18.357693
 18.520529  18.394964  18.574709  18.769506  18.78894   19.114243
 18.979326  18.970722  19.156248  19.225918  19.50293   19.411236
 19.37829   19.465225  19.612558  19.739851  19.718937  19.86762
 19.76816   19.728401  19.887833  19.992123  20.104164  19.866621
 19.807114  20.023409  20.084724  20.128958  19.91041   19.894611
 19.892227  19.789455  19.951393  19.871132  19.72336   19.75811
 19.638906  19.749441  19.818316  19.614561  19.665833  19.540352
 19.63751   19.716537  19.600548  19.581615  19.541779  19.572739
 19.508974  19.63793   19.454395  19.422363  19.413095  19.27276
 19.370462  19.24977   19.180168  19.096796  18.985146  18.952635
 18.982794  18.786163  18.73411   18.61135   18.56976   18.62355
 18.482147  18.484774  18.455511  18.28814   18.37155   18.293768
 18.232018  18.229368  18.074629  18.121279  18.084896  18.08016
 17.988895  18.04256   17.904184  17.839874  17.92435   17.768763
 17.829165  17.711432  17.56394   17.62673   17.52514   17.469341
 17.432606  17.254478  17.285187  17.19278   17.185343  17.148031
 17.047628  17.016256  16.94739   16.941362  16.982733  16.880486
 16.774601  16.689554  16.59347   16.551373  16.479342  16.487755
 16.494516  16.579044  16.649075  16.75384   17.002737  17.015017
 17.217299 ]
 //info
      //info/block2_values
        Dataset: /info/block2_values
          Shape: (1,)
          Data Type: object
          First 24 elements:
            [128   5 149 ... 148  98  46]
      //info/block2_items
        Dataset: /info/block2_items
          Shape: (16,)
          Data Type: |S10
          First 24 elements:
            b'region'
            b'ID'
            b'time'
            b'RMW'
            b'SHIPS_D200'
            b'SHIPS_RHLO'
            b'SHRD'
            b'SHRS'
            b'SHTS'
            b'SHRG'
            b'DIVC'
            b'U200'
            b'EPSS'
            b'ENSS'
            b'RSST'
            b'check'
      //info/block1_values
        Dataset: /info/block1_values
          Shape: (76835, 6)
          Data Type: float64
          First 24 elements:
            [  15.93670375    0.         1006.          147.2           8.2
   15.        ]
            [  17.51203633    0.         1005.          146.7           8.5
   18.        ]
            [  17.4763547    0.        1004.         146.2          8.8
   20.       ]
            [  20.75512431    0.         1004.          145.6           9.2
   20.        ]
            [  20.23755992    0.         1004.          145.1           9.6
   20.        ]
            [  24.7498416    0.        1003.         144.6         10.
   23.       ]
            [  24.80810713    0.         1002.          144.           10.4
   25.        ]
            [  25.23765239    0.         1002.          143.3          10.8
   25.        ]
            [  22.10036203    0.         1002.          142.7          11.1
   25.        ]
            [  21.77645055    0.         1001.          142.           11.3
   28.        ]
            [  21.57837617    0.         1000.          141.3          11.6
   30.        ]
            [  23.85664116    0.         1000.          140.8          12.1
   30.        ]
            [  21.85255796    0.         1000.          140.3          12.7
   30.        ]
            [  21.12588784    0.         1000.          139.6          12.6
   30.        ]
            [  19.11628118    0.         1000.          138.9          12.4
   30.        ]
            [  19.37902688    0.         1000.          138.2          12.4
   30.        ]
            [  19.87523232    0.         1000.          137.6          12.4
   30.        ]
            [  21.00041175    0.         1000.          137.1          12.6
   30.        ]
            [  21.81137762    0.         1000.          136.7          12.8
   30.        ]
            [ 21.98762324   0.         999.         136.3         13.1
  33.        ]
            [ 20.75197221   0.         997.         135.9         13.4
  35.        ]
            [ 38.      34.8176 996.     135.7     13.8     38.    ]
            [ 40.    69.45 994.   135.4   14.1   40.  ]
            [ 38.    69.45 996.   135.3   14.4   38.  ]
      //info/block1_items
        Dataset: /info/block1_items
          Shape: (6,)
          Data Type: |S9
          First 24 elements:
            b'Vmax'
            b'R34'
            b'MSLP'
            b'lon'
            b'lat'
            b'Vmax_best'
      //info/block0_values
        Dataset: /info/block0_values
          Shape: (76835, 1)
          Data Type: uint8
          First 24 elements:
            [1]
            [1]
            [1]
            [1]
            [1]
            [1]
            [1]
            [1]
            [1]
            [1]
            [1]
            [1]
            [1]
            [1]
            [0]
            [0]
            [0]
            [1]
            [1]
            [0]
            [0]
            [0]
            [1]
            [1]
      //info/block0_items
        Dataset: /info/block0_items
          Shape: (1,)
          Data Type: |S13
          First 24 elements:
            b'valid_profile'
      //info/axis1
        Dataset: /info/axis1
          Shape: (76835,)
          Data Type: int64
          First 24 elements:
            0
            1
            2
            3
            4
            5
            6
            7
            8
            9
            10
            11
            12
            13
            14
            15
            16
            17
            18
            19
            20
            21
            22
            23
      //info/axis0
        Dataset: /info/axis0
          Shape: (23,)
          Data Type: |S13
          First 24 elements:
            b'region'
            b'ID'
            b'time'
            b'Vmax'
            b'R34'
            b'RMW'
            b'MSLP'
            b'lon'
            b'lat'
            b'SHIPS_D200'
            b'SHIPS_RHLO'
            b'SHRD'
            b'SHRS'
            b'SHTS'
            b'SHRG'
            b'DIVC'
            b'U200'
            b'EPSS'
            b'ENSS'
            b'RSST'
            b'check'
            b'valid_profile'
            b'Vmax_best'
 //images
   Dataset: /images
     Shape: (76835, 128, 128, 4)
     Data Type: float32
     First 24 elements:
       [[[2.92600006e+02 2.39970001e+02 3.10000237e-02 0.00000000e+00]
  [2.93470001e+02 2.39970001e+02 3.70000228e-02 0.00000000e+00]
  [2.93470001e+02 2.39970001e+02 3.70000228e-02 0.00000000e+00]
  ...
  [2.42740005e+02 2.31580002e+02 5.12000024e-01 1.02807403e+00]
  [2.35309998e+02 2.29949997e+02 4.93000001e-01 1.11244905e+00]
  [2.26899994e+02 2.22389999e+02 5.88000000e-01 1.15931022e+00]]

 [[2.93919983e+02 2.39970001e+02 2.80000251e-02 0.00000000e+00]
  [2.93470001e+02 2.39970001e+02 3.90000232e-02 0.00000000e+00]
  [2.93470001e+02 2.39970001e+02 3.90000232e-02 0.00000000e+00]
  ...
  [2.42740005e+02 2.31580002e+02 5.12000024e-01 1.00798142e+00]
  [2.35309998e+02 2.29949997e+02 4.93000001e-01 1.05453694e+00]
  [2.26899994e+02 2.22389999e+02 5.88000000e-01 1.08694434e+00]]

 [[2.93919983e+02 2.39970001e+02 3.10000237e-02 0.00000000e+00]
  [2.93040009e+02 2.39970001e+02 5.30000255e-02 0.00000000e+00]
  [2.93040009e+02 2.39970001e+02 5.30000255e-02 0.00000000e+00]
  ...
  [2.35309998e+02 2.28220001e+02 5.40000021e-01 9.98092473e-01]
  [2.28869995e+02 2.26399994e+02 5.79999983e-01 1.04416656e+00]
  [2.23800003e+02 2.22389999e+02 6.60000026e-01 1.07657397e+00]]

 ...

 [[2.07880005e+02 2.08889999e+02 4.25000012e-01 2.26551867e+00]
  [2.07880005e+02 2.08889999e+02 4.25000012e-01 2.51724076e+00]
  [2.10679993e+02 2.12179993e+02 4.25000012e-01 3.04357409e+00]
  ...
  [2.82910004e+02 2.38710007e+02 8.90000239e-02 1.41148150e-01]
  [2.85299988e+02 2.39970001e+02 6.70000240e-02 1.69148147e-01]
  [2.86239990e+02 2.41190002e+02 8.50000232e-02 1.27037033e-01]]

 [[2.07880005e+02 2.08889999e+02 4.25000012e-01 1.69116199e+00]
  [2.07880005e+02 2.08889999e+02 4.25000012e-01 1.81053698e+00]
  [2.10679993e+02 2.12179993e+02 4.25000012e-01 2.34150004e+00]
  ...
  [2.83869995e+02 2.41190002e+02 8.90000239e-02 1.66782409e-01]
  [2.83869995e+02 2.41190002e+02 6.70000240e-02 1.68129623e-01]
  [2.86239990e+02 2.41190002e+02 8.50000232e-02 1.19388886e-01]]

 [[2.12020004e+02 2.12179993e+02 4.30000007e-01 1.27780092e+00]
  [2.12020004e+02 2.12179993e+02 4.30000007e-01 1.35605550e+00]
  [2.14600006e+02 2.15110001e+02 3.83000016e-01 1.88701844e+00]
  ...
  [2.83869995e+02 2.41190002e+02 8.90000239e-02 1.48143515e-01]
  [2.85769989e+02 2.41190002e+02 6.70000240e-02 1.46611109e-01]
  [2.84350006e+02 2.41190002e+02 6.40000254e-02 9.78703648e-02]]]
       [[[2.9214999e+02 2.3997000e+02 5.1000025e-02 0.0000000e+00]
  [2.9304001e+02 2.4119000e+02 5.5000022e-02 0.0000000e+00]
  [2.9304001e+02 2.4119000e+02 5.5000022e-02 0.0000000e+00]
  ...
  [2.5817999e+02 2.3313000e+02 3.2400003e-01 1.1092597e+00]
  [2.6067999e+02 2.3462000e+02 4.9300000e-01 1.1258523e+00]
  [2.6067999e+02 2.3462000e+02 4.9300000e-01 1.1467967e+00]]

 [[2.9260001e+02 2.3997000e+02 8.5000023e-02 0.0000000e+00]
  [2.9214999e+02 2.3997000e+02 6.9000021e-02 0.0000000e+00]
  [2.9214999e+02 2.3997000e+02 6.9000021e-02 0.0000000e+00]
  ...
  [2.5427000e+02 2.3739999e+02 5.5199999e-01 1.1506486e+00]
  [2.5492999e+02 2.3739999e+02 5.5900002e-01 1.1691670e+00]
  [2.5492999e+02 2.3739999e+02 5.5900002e-01 1.1727595e+00]]

 [[2.9260001e+02 2.3997000e+02 5.3000025e-02 0.0000000e+00]
  [2.9170999e+02 2.4119000e+02 7.4000023e-02 0.0000000e+00]
  [2.9170999e+02 2.4119000e+02 7.4000023e-02 0.0000000e+00]
  ...
  [2.5427000e+02 2.3739999e+02 5.5199999e-01 1.1471300e+00]
  [2.5623999e+02 2.3739999e+02 5.5900002e-01 1.1704632e+00]
  [2.5623999e+02 2.3739999e+02 5.5900002e-01 1.1740557e+00]]

 ...

 [[2.1824001e+02 2.1775000e+02 5.8800000e-01 1.0187777e+00]
  [2.2053999e+02 2.1775000e+02 6.1600000e-01 9.4722211e-01]
  [2.2053999e+02 2.1775000e+02 6.1600000e-01 1.1160556e+00]
  ...
  [2.7001001e+02 2.3603999e+02 1.6100003e-01 5.6666667e-03]
  [2.6006000e+02 2.3158000e+02 2.0600002e-01 4.1111112e-03]
  [2.6189999e+02 2.2995000e+02 2.3500001e-01 0.0000000e+00]]

 [[2.2053999e+02 2.2017000e+02 6.0200000e-01 5.2416664e-01]
  [2.1705000e+02 2.1775000e+02 6.2300003e-01 4.5416665e-01]
  [2.1705000e+02 2.1775000e+02 6.2300003e-01 6.0418057e-01]
  ...
  [2.6312000e+02 2.3603999e+02 2.0200002e-01 1.1111111e-03]
  [2.5817999e+02 2.3158000e+02 2.1800002e-01 0.0000000e+00]
  [2.5559000e+02 2.2995000e+02 3.6100000e-01 0.0000000e+00]]

 [[2.2053999e+02 2.2017000e+02 6.1600000e-01 3.9427778e-01]
  [2.1824001e+02 2.1775000e+02 6.3099998e-01 3.2816666e-01]
  [2.1824001e+02 2.1775000e+02 6.3099998e-01 4.7818056e-01]
  ...
  [2.6312000e+02 2.3603999e+02 2.0200002e-01 0.0000000e+00]
  [2.5817999e+02 2.3158000e+02 2.1800002e-01 0.0000000e+00]
  [2.5559000e+02 2.2995000e+02 3.6100000e-01 0.0000000e+00]]]
       [[[2.92600006e+02 2.41190002e+02 3.00000254e-02 0.00000000e+00]
  [2.92600006e+02 2.41190002e+02 5.90000227e-02 0.00000000e+00]
  [2.92600006e+02 2.41190002e+02 5.90000227e-02 0.00000000e+00]
  ...
  [2.42740005e+02 2.36039993e+02 3.78000021e-01 2.10481480e-01]
  [2.42740005e+02 2.36039993e+02 3.78000021e-01 2.54555553e-01]
  [2.45800003e+02 2.34619995e+02 3.94000024e-01 2.98629642e-01]]

 [[2.92600006e+02 2.41190002e+02 3.00000254e-02 0.00000000e+00]
  [2.92600006e+02 2.41190002e+02 5.90000227e-02 0.00000000e+00]
  [2.92600006e+02 2.41190002e+02 5.90000227e-02 0.00000000e+00]
  ...
  [2.42740005e+02 2.36039993e+02 3.78000021e-01 2.32611105e-01]
  [2.42740005e+02 2.36039993e+02 3.78000021e-01 2.76685178e-01]
  [2.45800003e+02 2.34619995e+02 3.94000024e-01 3.20759267e-01]]

 [[2.92600006e+02 2.41190002e+02 5.50000221e-02 0.00000000e+00]
  [2.92149994e+02 2.41190002e+02 5.30000255e-02 0.00000000e+00]
  [2.92149994e+02 2.41190002e+02 5.30000255e-02 0.00000000e+00]
  ...
  [2.48729996e+02 2.36039993e+02 4.55000013e-01 2.94055521e-01]
  [2.48729996e+02 2.36039993e+02 4.55000013e-01 3.38129610e-01]
  [2.48009995e+02 2.36039993e+02 4.12000000e-01 3.78499985e-01]]

 ...

 [[2.30770004e+02 2.24470001e+02 3.61000001e-01 1.35000004e-02]
  [2.28869995e+02 2.24470001e+02 4.07000005e-01 8.83333385e-03]
  [2.29830002e+02 2.24470001e+02 3.50000024e-01 4.16666688e-03]
  ...
  [2.61899994e+02 2.34619995e+02 2.14000016e-01 0.00000000e+00]
  [2.62510010e+02 2.34619995e+02 1.77000016e-01 0.00000000e+00]
  [2.58179993e+02 2.29949997e+02 1.66000023e-01 0.00000000e+00]]

 [[2.36169998e+02 2.24470001e+02 2.97000021e-01 1.06666675e-02]
  [2.28869995e+02 2.22389999e+02 4.12000000e-01 6.00000052e-03]
  [2.26899994e+02 2.22389999e+02 3.55000019e-01 1.33333344e-03]
  ...
  [2.63119995e+02 2.36039993e+02 2.45000020e-01 0.00000000e+00]
  [2.63119995e+02 2.36039993e+02 2.22000018e-01 0.00000000e+00]
  [2.67769989e+02 2.36039993e+02 2.02000022e-01 0.00000000e+00]]

 [[2.37029999e+02 2.26399994e+02 2.82000005e-01 6.00000052e-03]
  [2.38710007e+02 2.24470001e+02 3.33000004e-01 1.33333344e-03]
  [2.29830002e+02 2.24470001e+02 3.78000021e-01 0.00000000e+00]
  ...
  [2.63119995e+02 2.36039993e+02 2.45000020e-01 0.00000000e+00]
  [2.63119995e+02 2.36039993e+02 2.22000018e-01 0.00000000e+00]
  [2.71109985e+02 2.36039993e+02 1.89000025e-01 0.00000000e+00]]]
       [[[2.9084000e+02 2.3997000e+02 8.0000255e-03 0.0000000e+00]
  [2.8994000e+02 2.3997000e+02 9.0000248e-03 0.0000000e+00]
  [2.8810001e+02 2.3871001e+02 1.2000025e-02 0.0000000e+00]
  ...
  [2.4475000e+02 2.3313000e+02 2.5262125e-08 5.7972217e-01]
  [2.4475000e+02 2.3313000e+02 2.5262125e-08 5.9633327e-01]
  [2.4550999e+02 2.3462000e+02 2.5262125e-08 5.7377774e-01]]

 [[2.9084000e+02 2.3997000e+02 8.0000255e-03 0.0000000e+00]
  [2.8994000e+02 2.3997000e+02 9.0000248e-03 0.0000000e+00]
  [2.8810001e+02 2.3871001e+02 1.2000025e-02 0.0000000e+00]
  ...
  [2.4475000e+02 2.3313000e+02 2.5262125e-08 5.9761101e-01]
  [2.4475000e+02 2.3313000e+02 2.5262125e-08 6.1422211e-01]
  [2.4550999e+02 2.3462000e+02 2.5262125e-08 6.0525918e-01]]

 [[2.9038998e+02 2.3997000e+02 9.0000248e-03 0.0000000e+00]
  [2.8948999e+02 2.3997000e+02 1.0000025e-02 0.0000000e+00]
  [2.8670999e+02 2.3871001e+02 1.2000025e-02 0.0000000e+00]
  ...
  [2.4775000e+02 2.3462000e+02 2.5262125e-08 6.1549991e-01]
  [2.4775000e+02 2.3462000e+02 2.5262125e-08 6.4570361e-01]
  [2.4920000e+02 2.3462000e+02 2.5262125e-08 7.1829635e-01]]

 ...

 [[2.2836000e+02 2.2239000e+02 2.0000252e-03 0.0000000e+00]
  [2.3217000e+02 2.2447000e+02 2.0000252e-03 0.0000000e+00]
  [2.3217000e+02 2.2447000e+02 2.0000252e-03 0.0000000e+00]
  ...
  [2.4550999e+02 2.2995000e+02 2.5262125e-08 9.6296305e-03]
  [2.4550999e+02 2.2995000e+02 2.5262125e-08 6.6666673e-03]
  [2.4320999e+02 2.2822000e+02 2.5262125e-08 6.6666673e-03]]

 [[2.2736000e+02 2.2239000e+02 6.0000252e-03 0.0000000e+00]
  [2.3030000e+02 2.2447000e+02 5.0000250e-03 0.0000000e+00]
  [2.3030000e+02 2.2447000e+02 5.0000250e-03 0.0000000e+00]
  ...
  [2.3309000e+02 2.2639999e+02 2.5262125e-08 1.5851853e-02]
  [2.3309000e+02 2.2639999e+02 2.5262125e-08 1.2888891e-02]
  [2.3309000e+02 2.2447000e+02 2.5262125e-08 1.2000001e-02]]

 [[2.2836000e+02 2.2239000e+02 3.0000252e-03 0.0000000e+00]
  [2.3124001e+02 2.2447000e+02 5.0000250e-03 0.0000000e+00]
  [2.3124001e+02 2.2447000e+02 5.0000250e-03 0.0000000e+00]
  ...
  [2.3750000e+02 2.2447000e+02 2.5262125e-08 2.2074075e-02]
  [2.3750000e+02 2.2447000e+02 2.5262125e-08 1.8222224e-02]
  [2.4000999e+02 2.2239000e+02 2.5262125e-08 1.2000001e-02]]]
       [[[2.8670999e+02 2.3871001e+02           nan 0.0000000e+00]
  [2.8335999e+02 2.3603999e+02           nan 0.0000000e+00]
  [2.8335999e+02 2.3603999e+02           nan 0.0000000e+00]
  ...
  [2.6404999e+02 2.3603999e+02           nan 9.0130579e-01]
  [2.6100000e+02 2.3603999e+02           nan 9.5088911e-01]
  [2.6100000e+02 2.3603999e+02           nan 1.0005372e+00]]

 [[2.8670999e+02 2.3871001e+02           nan 0.0000000e+00]
  [2.8670999e+02 2.3871001e+02           nan 0.0000000e+00]
  [2.8670999e+02 2.3871001e+02           nan 0.0000000e+00]
  ...
  [2.6404999e+02 2.3603999e+02           nan 9.7966695e-01]
  [2.6100000e+02 2.3603999e+02           nan 1.0293150e+00]
  [2.6100000e+02 2.3603999e+02           nan 1.0793520e+00]]

 [[2.8670999e+02 2.3871001e+02           nan 0.0000000e+00]
  [2.8432001e+02 2.3739999e+02           nan 0.0000000e+00]
  [2.8432001e+02 2.3739999e+02           nan 0.0000000e+00]
  ...
  [2.5973999e+02 2.3603999e+02           nan 1.0580928e+00]
  [2.5847000e+02 2.3603999e+02           nan 1.1081299e+00]
  [2.5847000e+02 2.3603999e+02           nan 1.1581669e+00]]

 ...

 [[2.2147000e+02 2.1775000e+02           nan 0.0000000e+00]
  [2.1799001e+02 2.1511000e+02           nan 0.0000000e+00]
  [2.2474001e+02 2.2239000e+02           nan 0.0000000e+00]
  ...
  [2.2881999e+02 2.2447000e+02           nan 1.8055556e-02]
  [2.2981000e+02 2.2239000e+02           nan 1.2222222e-02]
  [2.3447000e+02 2.2239000e+02           nan 6.1111110e-03]]

 [[2.3447000e+02 2.2447000e+02           nan 0.0000000e+00]
  [2.2367000e+02 2.1775000e+02           nan 0.0000000e+00]
  [2.2367000e+02 2.2017000e+02           nan 0.0000000e+00]
  ...
  [2.3171001e+02 2.2239000e+02           nan 2.0000000e-02]
  [2.2474001e+02 2.2017000e+02           nan 1.3888889e-02]
  [2.3264000e+02 2.2239000e+02           nan 6.1111110e-03]]

 [[2.3447000e+02 2.2447000e+02           nan 0.0000000e+00]
  [2.3711000e+02 2.2447000e+02           nan 0.0000000e+00]
  [2.2367000e+02 2.2017000e+02           nan 0.0000000e+00]
  ...
  [2.2474001e+02 2.2017000e+02           nan 2.1666666e-02]
  [2.2474001e+02 2.2017000e+02           nan 1.3888889e-02]
  [2.3264000e+02 2.2239000e+02           nan 6.1111110e-03]]]
       [[[2.92679993e+02 2.38710007e+02            nan 0.00000000e+00]
  [2.92679993e+02 2.38710007e+02            nan 0.00000000e+00]
  [2.92679993e+02 2.38710007e+02            nan 0.00000000e+00]
  ...
  [2.50850006e+02 2.34619995e+02            nan 1.37499973e-01]
  [2.52949997e+02 2.34619995e+02            nan 1.16916634e-01]
  [2.53639999e+02 2.34619995e+02            nan 9.65694189e-02]]

 [[2.92679993e+02 2.38710007e+02            nan 0.00000000e+00]
  [2.93119995e+02 2.38710007e+02            nan 0.00000000e+00]
  [2.93119995e+02 2.38710007e+02            nan 0.00000000e+00]
  ...
  [2.52259995e+02 2.34619995e+02            nan 1.53472185e-01]
  [2.54319992e+02 2.34619995e+02            nan 1.29166633e-01]
  [2.56339996e+02 2.34619995e+02            nan 1.08819418e-01]]

 [[2.92679993e+02 2.38710007e+02            nan 0.00000000e+00]
  [2.93119995e+02 2.38710007e+02            nan 0.00000000e+00]
  [2.93559998e+02 2.38710007e+02            nan 0.00000000e+00]
  ...
  [2.52259995e+02 2.34619995e+02            nan 1.65722176e-01]
  [2.54319992e+02 2.34619995e+02            nan 1.41416624e-01]
  [2.56339996e+02 2.34619995e+02            nan 1.21069409e-01]]

 ...

 [[2.55000000e+02 2.29949997e+02            nan 0.00000000e+00]
  [2.39279999e+02 2.26399994e+02            nan 0.00000000e+00]
  [2.39279999e+02 2.26399994e+02            nan 0.00000000e+00]
  ...
  [2.88579987e+02 2.38710007e+02            nan 5.49999997e-02]
  [2.87179993e+02 2.37399994e+02            nan 4.15833332e-02]
  [2.87179993e+02 2.37399994e+02            nan 1.06527787e-02]]

 [[2.63920013e+02 2.29949997e+02            nan 0.00000000e+00]
  [2.41750000e+02 2.24470001e+02            nan 0.00000000e+00]
  [2.41750000e+02 2.24470001e+02            nan 0.00000000e+00]
  ...
  [2.89040009e+02 2.38710007e+02            nan 9.60277691e-02]
  [2.88109985e+02 2.37399994e+02            nan 4.87777777e-02]
  [2.88109985e+02 2.37399994e+02            nan 1.78472251e-02]]

 [[2.63920013e+02 2.29949997e+02            nan 0.00000000e+00]
  [2.41750000e+02 2.24470001e+02            nan 0.00000000e+00]
  [2.41750000e+02 2.24470001e+02            nan 0.00000000e+00]
  ...
  [2.91320007e+02 2.38710007e+02            nan 1.03222221e-01]
  [2.91320007e+02 2.37399994e+02            nan 5.59722222e-02]
  [2.91320007e+02 2.37399994e+02            nan 2.50416696e-02]]]
       [[[2.8995001e+02 2.3871001e+02           nan 0.0000000e+00]
  [2.9085999e+02 2.3871001e+02           nan 0.0000000e+00]
  [2.9085999e+02 2.3871001e+02           nan 0.0000000e+00]
  ...
  [2.8139999e+02 2.3603999e+02           nan 0.0000000e+00]
  [2.8139999e+02 2.3603999e+02           nan 0.0000000e+00]
  [2.6757001e+02 2.3462000e+02           nan 0.0000000e+00]]

 [[2.8857001e+02 2.3871001e+02           nan 0.0000000e+00]
  [2.8857001e+02 2.3871001e+02           nan 0.0000000e+00]
  [2.8810999e+02 2.3871001e+02           nan 0.0000000e+00]
  ...
  [2.8384000e+02 2.3739999e+02           nan 0.0000000e+00]
  [2.8384000e+02 2.3739999e+02           nan 0.0000000e+00]
  [2.7735001e+02 2.3871001e+02           nan 0.0000000e+00]]

 [[2.8857001e+02 2.3871001e+02           nan 0.0000000e+00]
  [2.8857001e+02 2.3871001e+02           nan 0.0000000e+00]
  [2.8810999e+02 2.3871001e+02           nan 0.0000000e+00]
  ...
  [2.8384000e+02 2.3739999e+02           nan 0.0000000e+00]
  [2.7735001e+02 2.3871001e+02           nan 0.0000000e+00]
  [2.7735001e+02 2.3871001e+02           nan 0.0000000e+00]]

 ...

 [[2.6162000e+02 2.3158000e+02           nan 0.0000000e+00]
  [2.6162000e+02 2.3158000e+02           nan 0.0000000e+00]
  [2.5847000e+02 2.2995000e+02           nan 0.0000000e+00]
  ...
  [2.7526999e+02 2.3739999e+02           nan 0.0000000e+00]
  [2.6641000e+02 2.3603999e+02           nan 0.0000000e+00]
  [2.6463998e+02 2.3603999e+02           nan 0.0000000e+00]]

 [[2.6757001e+02 2.3313000e+02           nan 0.0000000e+00]
  [2.6757001e+02 2.3158000e+02           nan 0.0000000e+00]
  [2.6757001e+02 2.3158000e+02           nan 0.0000000e+00]
  ...
  [2.7526999e+02 2.3739999e+02           nan 0.0000000e+00]
  [2.6641000e+02 2.3603999e+02           nan 0.0000000e+00]
  [2.6463998e+02 2.3603999e+02           nan 0.0000000e+00]]

 [[2.7420999e+02 2.3462000e+02           nan 0.0000000e+00]
  [2.7094000e+02 2.3313000e+02           nan 0.0000000e+00]
  [2.7094000e+02 2.3313000e+02           nan 0.0000000e+00]
  ...
  [2.7367001e+02 2.3739999e+02           nan 1.2555549e-02]
  [2.8041000e+02 2.3603999e+02           nan 8.8148154e-03]
  [2.7526999e+02 2.3739999e+02           nan 8.8148154e-03]]]
       [[[2.7897000e+02 2.3871001e+02 6.0000252e-03 0.0000000e+00]
  [2.8338998e+02 2.3997000e+02 8.0000255e-03 0.0000000e+00]
  [2.8338998e+02 2.3997000e+02 8.0000255e-03 0.0000000e+00]
  ...
  [2.9260001e+02 2.3997000e+02 3.0000252e-03 0.0000000e+00]
  [2.9260001e+02 2.3997000e+02 1.0000252e-03 0.0000000e+00]
  [2.9260001e+02 2.3997000e+02 1.0000252e-03 1.4166669e-03]]

 [[2.8242999e+02 2.3871001e+02 2.0000252e-03 0.0000000e+00]
  [2.8242999e+02 2.3871001e+02 2.0000252e-03 0.0000000e+00]
  [2.8242999e+02 2.3871001e+02 2.0000252e-03 0.0000000e+00]
  ...
  [2.9260001e+02 2.4119000e+02 1.0000252e-03 0.0000000e+00]
  [2.9260001e+02 2.4119000e+02 2.0000252e-03 0.0000000e+00]
  [2.9260001e+02 2.4119000e+02 2.0000252e-03 1.4166669e-03]]

 [[2.7485001e+02 2.3603999e+02 2.5262125e-08 0.0000000e+00]
  [2.7745001e+02 2.3871001e+02 2.0000252e-03 0.0000000e+00]
  [2.7745001e+02 2.3871001e+02 2.0000252e-03 0.0000000e+00]
  ...
  [2.9260001e+02 2.4119000e+02 1.0000252e-03 0.0000000e+00]
  [2.9260001e+02 2.4119000e+02 2.0000252e-03 0.0000000e+00]
  [2.9260001e+02 2.4119000e+02 2.0000252e-03 1.4166669e-03]]

 ...

 [[2.4800999e+02 2.2239000e+02 2.5262125e-08 2.6592596e-02]
  [2.4944000e+02 2.2447000e+02 2.5262125e-08 4.1111115e-02]
  [2.4944000e+02 2.2447000e+02 2.5262125e-08 4.9277786e-02]
  ...
  [2.8145001e+02 2.4237000e+02 1.0000252e-03 1.5559255e-01]
  [2.7326999e+02 2.4350999e+02 1.0000252e-03 1.8307401e-01]
  [2.7326999e+02 2.4350999e+02 1.0000252e-03 2.1883327e-01]]

 [[2.5292000e+02 2.2639999e+02 2.5262125e-08 2.5555559e-02]
  [2.5224001e+02 2.2639999e+02 2.5262125e-08 3.4111116e-02]
  [2.5224001e+02 2.2639999e+02 2.5262125e-08 4.2277783e-02]
  ...
  [2.7995999e+02 2.4237000e+02 1.0000252e-03 1.3692589e-01]
  [2.7694000e+02 2.4237000e+02 2.5262125e-08 1.7581478e-01]
  [2.7694000e+02 2.4237000e+02 2.5262125e-08 2.1157402e-01]]

 [[2.6370999e+02 2.2822000e+02 2.5262125e-08 1.8555557e-02]
  [2.6067999e+02 2.2639999e+02 2.0000252e-03 2.7111115e-02]
  [2.6067999e+02 2.2639999e+02 2.0000252e-03 3.5277784e-02]
  ...
  [2.7947000e+02 2.4237000e+02 2.0000252e-03 1.2966664e-01]
  [2.8095001e+02 2.4237000e+02 2.0000252e-03 1.6855553e-01]
  [2.8095001e+02 2.4237000e+02 2.0000252e-03 2.0431478e-01]]]
       [[[2.71649994e+02 2.36039993e+02 1.05000019e-01 0.00000000e+00]
  [2.76940002e+02 2.37399994e+02 7.40000233e-02 0.00000000e+00]
  [2.89470001e+02 2.39970001e+02 3.50000262e-02 0.00000000e+00]
  ...
  [2.73269989e+02 2.41190002e+02 1.48000017e-01 0.00000000e+00]
  [2.68889984e+02 2.41190002e+02 1.77000016e-01 0.00000000e+00]
  [2.68889984e+02 2.41190002e+02 1.77000016e-01 0.00000000e+00]]

 [[2.68889984e+02 2.36039993e+02 1.66000023e-01 0.00000000e+00]
  [2.71109985e+02 2.36039993e+02 1.30000025e-01 0.00000000e+00]
  [2.78970001e+02 2.37399994e+02 5.50000221e-02 0.00000000e+00]
  ...
  [2.72730011e+02 2.42369995e+02 1.66000023e-01 0.00000000e+00]
  [2.72200012e+02 2.42369995e+02 1.43000022e-01 0.00000000e+00]
  [2.72200012e+02 2.42369995e+02 1.43000022e-01 0.00000000e+00]]

 [[2.74850006e+02 2.36039993e+02 1.37000024e-01 0.00000000e+00]
  [2.80950012e+02 2.37399994e+02 1.27000019e-01 0.00000000e+00]
  [2.80950012e+02 2.37399994e+02 1.27000019e-01 0.00000000e+00]
  ...
  [2.70559998e+02 2.42369995e+02 1.81000024e-01 0.00000000e+00]
  [2.74850006e+02 2.42369995e+02 1.37000024e-01 0.00000000e+00]
  [2.74850006e+02 2.42369995e+02 1.37000024e-01 0.00000000e+00]]

 ...

 [[2.58179993e+02 2.26399994e+02 1.57000020e-01 2.16666679e-03]
  [2.58179993e+02 2.26399994e+02 1.57000020e-01 3.16111073e-02]
  [2.48729996e+02 2.24470001e+02 1.70000017e-01 8.68333280e-02]
  ...
  [2.76420013e+02 2.45690002e+02 4.30000007e-01 2.94814855e-02]
  [2.73269989e+02 2.44610001e+02 5.18999994e-01 2.51111146e-02]
  [2.78459991e+02 2.44610001e+02 4.80000019e-01 1.62962973e-02]]

 [[2.67769989e+02 2.31580002e+02 1.14000022e-01 1.18333325e-02]
  [2.67769989e+02 2.31580002e+02 1.14000022e-01 6.70555457e-02]
  [2.64889984e+02 2.28220001e+02 1.43000022e-01 1.22277766e-01]
  ...
  [2.79470001e+02 2.44610001e+02 1.48000017e-01 3.65925953e-02]
  [2.79470001e+02 2.44610001e+02 4.18000013e-01 2.77777798e-02]
  [2.72730011e+02 2.44610001e+02 4.87000018e-01 1.89629644e-02]]

 [[2.67200012e+02 2.33130005e+02 1.07000023e-01 1.18333325e-02]
  [2.68889984e+02 2.31580002e+02 1.17000021e-01 6.70555457e-02]
  [2.68889984e+02 2.31580002e+02 1.17000021e-01 1.22277766e-01]
  ...
  [2.79470001e+02 2.44610001e+02 1.48000017e-01 4.33333367e-02]
  [2.72730011e+02 2.44610001e+02 1.57000020e-01 3.45185213e-02]
  [2.67769989e+02 2.44610001e+02 3.50000024e-01 2.57037040e-02]]]
       [[[2.9082001e+02 2.3997000e+02 8.9000024e-02 0.0000000e+00]
  [2.8716998e+02 2.3997000e+02 1.8900003e-01 0.0000000e+00]
  [2.8901999e+02 2.3997000e+02 7.7000022e-02 0.0000000e+00]
  ...
  [2.9391998e+02 2.4350000e+02 4.6000022e-02 0.0000000e+00]
  [2.9391998e+02 2.4350000e+02 4.5000024e-02 0.0000000e+00]
  [2.9391998e+02 2.4350000e+02 4.6000022e-02 0.0000000e+00]]

 [[2.9082001e+02 2.3997000e+02 8.9000024e-02 0.0000000e+00]
  [2.8194000e+02 2.3871001e+02 2.3100002e-01 0.0000000e+00]
  [2.8291000e+02 2.3997000e+02 2.6300001e-01 0.0000000e+00]
  ...
  [2.9391998e+02 2.4350000e+02 5.9000023e-02 0.0000000e+00]
  [2.9391998e+02 2.4350000e+02 4.5000024e-02 0.0000000e+00]
  [2.9391998e+02 2.4350000e+02 4.6000022e-02 0.0000000e+00]]

 [[2.8947000e+02 2.3997000e+02 5.8000024e-02 0.0000000e+00]
  [2.8387000e+02 2.3997000e+02 1.8900003e-01 0.0000000e+00]
  [2.8387000e+02 2.3997000e+02 1.8900003e-01 0.0000000e+00]
  ...
  [2.9391998e+02 2.4236000e+02 4.6000022e-02 0.0000000e+00]
  [2.9391998e+02 2.4236000e+02 4.6000022e-02 0.0000000e+00]
  [2.9391998e+02 2.4236000e+02 4.6000022e-02 0.0000000e+00]]

 ...

 [[2.8576999e+02 2.4119000e+02 5.8000024e-02 0.0000000e+00]
  [2.8947000e+02 2.4236000e+02 6.7000024e-02 0.0000000e+00]
  [2.8991998e+02 2.4236000e+02 8.0000021e-02 1.0000000e-03]
  ...
  [2.5360001e+02 2.3313000e+02 5.1200002e-01 1.8240742e-02]
  [2.5881000e+02 2.3739999e+02 5.1899999e-01 2.0055557e-02]
  [2.6067999e+02 2.3871001e+02 4.4300002e-01 2.1481482e-02]]

 [[2.8947000e+02 2.4236000e+02 6.7000024e-02 0.0000000e+00]
  [2.8991998e+02 2.4236000e+02 8.0000021e-02 0.0000000e+00]
  [2.8991998e+02 2.4236000e+02 8.0000021e-02 1.0000000e-03]
  ...
  [2.5224001e+02 2.2995000e+02 4.6800002e-01 2.8611112e-02]
  [2.6832999e+02 2.3739999e+02 4.3600002e-01 3.0425927e-02]
  [2.7110999e+02 2.3871001e+02 3.9400002e-01 3.1851850e-02]]

 [[2.8856000e+02 2.4236000e+02 6.4000025e-02 0.0000000e+00]
  [2.8482999e+02 2.4119000e+02 8.5000023e-02 0.0000000e+00]
  [2.8482999e+02 2.4119000e+02 8.5000023e-02 0.0000000e+00]
  ...
  [2.5559000e+02 2.3158000e+02 5.0700003e-01 1.4706016e-01]
  [2.6312000e+02 2.3603000e+02 5.2600002e-01 1.4887497e-01]
  [2.7110999e+02 2.3871001e+02 4.5500001e-01 4.6462961e-02]]]
       [[[2.92149994e+02 2.42360001e+02 2.40000244e-02 6.47777840e-02]
  [2.92600006e+02 2.41190002e+02 2.70000249e-02 4.81851883e-02]
  [2.92600006e+02 2.41190002e+02 2.70000249e-02 3.09629645e-02]
  ...
  [2.93919983e+02 2.41190002e+02 2.70000249e-02 0.00000000e+00]
  [2.93919983e+02 2.41190002e+02 2.70000249e-02 0.00000000e+00]
  [2.93470001e+02 2.43500000e+02 2.00000256e-02 0.00000000e+00]]

 [[2.92149994e+02 2.42360001e+02 2.60000248e-02 7.04814866e-02]
  [2.92149994e+02 2.42360001e+02 2.70000249e-02 5.32592610e-02]
  [2.92149994e+02 2.42360001e+02 2.70000249e-02 3.22592594e-02]
  ...
  [2.94359985e+02 2.44610001e+02 2.10000239e-02 0.00000000e+00]
  [2.94359985e+02 2.44610001e+02 2.10000239e-02 0.00000000e+00]
  [2.94359985e+02 2.44610001e+02 2.10000239e-02 0.00000000e+00]]

 [[2.92149994e+02 2.41190002e+02 3.00000254e-02 7.55555555e-02]
  [2.92149994e+02 2.41190002e+02 2.70000249e-02 5.45555577e-02]
  [2.92149994e+02 2.41190002e+02 2.70000249e-02 3.35555561e-02]
  ...
  [2.94359985e+02 2.44610001e+02 2.10000239e-02 0.00000000e+00]
  [2.94359985e+02 2.44610001e+02 2.10000239e-02 0.00000000e+00]
  [2.94359985e+02 2.44610001e+02 2.10000239e-02 0.00000000e+00]]

 ...

 [[2.92600006e+02 2.46720001e+02 5.50000221e-02 0.00000000e+00]
  [2.87169983e+02 2.46720001e+02 6.70000240e-02 0.00000000e+00]
  [2.87169983e+02 2.46720001e+02 6.70000240e-02 0.00000000e+00]
  ...
  [2.45050003e+02 2.29949997e+02 4.18000013e-01 1.37629598e-01]
  [2.47279999e+02 2.28220001e+02 3.67000014e-01 1.01333305e-01]
  [2.48009995e+02 2.26399994e+02 3.44000012e-01 7.14722052e-02]]

 [[2.93470001e+02 2.46720001e+02 4.20000255e-02 0.00000000e+00]
  [2.92600006e+02 2.46720001e+02 6.70000240e-02 0.00000000e+00]
  [2.92600006e+02 2.46720001e+02 6.70000240e-02 0.00000000e+00]
  ...
  [2.41160004e+02 2.24470001e+02 3.72000009e-01 1.44888833e-01]
  [2.41160004e+02 2.24470001e+02 3.72000009e-01 1.15027741e-01]
  [2.45800003e+02 2.24470001e+02 3.55000019e-01 1.23777777e-01]]

 [[2.92190002e+02 2.46720001e+02 8.00000206e-02 0.00000000e+00]
  [2.93919983e+02 2.46720001e+02 5.30000255e-02 0.00000000e+00]
  [2.93919983e+02 2.46720001e+02 5.30000255e-02 0.00000000e+00]
  ...
  [2.43509995e+02 2.26399994e+02 3.78000021e-01 1.58583269e-01]
  [2.43509995e+02 2.26399994e+02 3.78000021e-01 1.67333320e-01]
  [2.48729996e+02 2.29949997e+02 3.55000019e-01 1.76083356e-01]]]
       [[[2.89019989e+02 2.44610001e+02 8.00002553e-03 0.00000000e+00]
  [2.92149994e+02 2.44610001e+02 8.00002553e-03 0.00000000e+00]
  [2.92600006e+02 2.44610001e+02 1.20000253e-02 0.00000000e+00]
  ...
  [2.93470001e+02 2.42360001e+02 1.00002519e-03 0.00000000e+00]
  [2.93470001e+02 2.42360001e+02 1.00002519e-03 0.00000000e+00]
  [2.93470001e+02 2.42360001e+02 2.52621248e-08 0.00000000e+00]]

 [[2.91709991e+02 2.44610001e+02 1.20000253e-02 0.00000000e+00]
  [2.92149994e+02 2.44610001e+02 1.00000249e-02 0.00000000e+00]
  [2.92600006e+02 2.44610001e+02 9.00002476e-03 0.00000000e+00]
  ...
  [2.91269989e+02 2.41190002e+02 1.00002519e-03 0.00000000e+00]
  [2.91269989e+02 2.41190002e+02 1.00002519e-03 0.00000000e+00]
  [2.93470001e+02 2.42360001e+02 2.52621248e-08 0.00000000e+00]]

 [[2.89919983e+02 2.44610001e+02 5.30000255e-02 0.00000000e+00]
  [2.87169983e+02 2.44610001e+02 1.70000251e-02 0.00000000e+00]
  [2.88559998e+02 2.44610001e+02 1.20000253e-02 0.00000000e+00]
  ...
  [2.90369995e+02 2.41190002e+02 1.00002519e-03 0.00000000e+00]
  [2.90369995e+02 2.41190002e+02 1.00002519e-03 0.00000000e+00]
  [2.93470001e+02 2.42360001e+02 2.52621248e-08 0.00000000e+00]]

 ...

 [[2.93519989e+02 2.47740005e+02 9.00002476e-03 0.00000000e+00]
  [2.93519989e+02 2.47740005e+02 9.00002476e-03 0.00000000e+00]
  [2.94410004e+02 2.46720001e+02 9.00002476e-03 0.00000000e+00]
  ...
  [2.76420013e+02 2.37399994e+02 2.52621248e-08 9.39444453e-02]
  [2.76420013e+02 2.37399994e+02 2.52621248e-08 9.70555544e-02]
  [2.67200012e+02 2.36029999e+02 2.52621248e-08 9.49999988e-02]]

 [[2.93519989e+02 2.47740005e+02 9.00002476e-03 0.00000000e+00]
  [2.93519989e+02 2.47740005e+02 9.00002476e-03 0.00000000e+00]
  [2.94410004e+02 2.46720001e+02 9.00002476e-03 0.00000000e+00]
  ...
  [2.76420013e+02 2.37399994e+02 2.52621248e-08 1.24277771e-01]
  [2.76420013e+02 2.37399994e+02 2.52621248e-08 1.22222215e-01]
  [2.67200012e+02 2.36029999e+02 2.52621248e-08 8.91666636e-02]]

 [[2.94410004e+02 2.47740005e+02 8.00002553e-03 0.00000000e+00]
  [2.94410004e+02 2.47740005e+02 8.00002553e-03 0.00000000e+00]
  [2.94410004e+02 2.47740005e+02 1.20000253e-02 0.00000000e+00]
  ...
  [2.71109985e+02 2.34610001e+02 2.52621248e-08 1.49444431e-01]
  [2.71109985e+02 2.34610001e+02 2.52621248e-08 1.16388880e-01]
  [2.62510010e+02 2.31580002e+02 2.52621248e-08 8.33333284e-02]]]
       [[[2.9126999e+02 2.4461000e+02 2.5262125e-08 4.5370376e-03]
  [2.9170999e+02 2.4461000e+02 2.5262125e-08 2.2222223e-03]
  [2.9170999e+02 2.4461000e+02 2.5262125e-08 2.2222223e-03]
  ...
  [2.9347000e+02 2.4236000e+02           nan 0.0000000e+00]
  [2.9347000e+02 2.4236000e+02           nan 0.0000000e+00]
  [2.9304001e+02 2.4236000e+02           nan 0.0000000e+00]]

 [[2.9126999e+02 2.4461000e+02 2.5262125e-08 6.6111116e-03]
  [2.9170999e+02 2.4461000e+02 2.5262125e-08 4.2962963e-03]
  [2.9170999e+02 2.4567999e+02 2.5262125e-08 4.0000002e-03]
  ...
  [2.9304001e+02 2.4236000e+02           nan 0.0000000e+00]
  [2.9304001e+02 2.4236000e+02           nan 0.0000000e+00]
  [2.9260001e+02 2.4236000e+02           nan 0.0000000e+00]]

 [[2.9170999e+02 2.4461000e+02 2.5262125e-08 8.6851856e-03]
  [2.9170999e+02 2.4567999e+02 2.5262125e-08 6.0740742e-03]
  [2.9170999e+02 2.4567999e+02 2.5262125e-08 4.0000002e-03]
  ...
  [2.9126999e+02 2.4236000e+02           nan 0.0000000e+00]
  [2.9304001e+02 2.4236000e+02           nan 0.0000000e+00]
  [2.9304001e+02 2.4236000e+02           nan 0.0000000e+00]]

 ...

 [[2.9044000e+02 2.4873000e+02 2.5262125e-08 0.0000000e+00]
  [2.9134000e+02 2.4873000e+02 2.5262125e-08 0.0000000e+00]
  [2.9356000e+02 2.4873000e+02 2.5262125e-08 0.0000000e+00]
  ...
  [2.6663000e+02 2.3461000e+02           nan 7.0972234e-02]
  [2.7001001e+02 2.3603000e+02           nan 9.2152789e-02]
  [2.7001001e+02 2.3603000e+02           nan 9.3449086e-02]]

 [[2.9134000e+02 2.4873000e+02 2.5262125e-08 0.0000000e+00]
  [2.9134000e+02 2.4873000e+02 2.5262125e-08 0.0000000e+00]
  [2.9356000e+02 2.4873000e+02 2.5262125e-08 0.0000000e+00]
  ...
  [2.6663000e+02 2.3461000e+02           nan 1.5361114e-01]
  [2.7001001e+02 2.3603000e+02           nan 1.7479169e-01]
  [2.7001001e+02 2.3603000e+02           nan 1.7065281e-01]]

 [[2.8954001e+02 2.4969000e+02 2.5262125e-08 0.0000000e+00]
  [2.8954001e+02 2.4969000e+02 2.5262125e-08 0.0000000e+00]
  [2.9222000e+02 2.4873000e+02 2.5262125e-08 0.0000000e+00]
  ...
  [2.6776999e+02 2.3461000e+02           nan 2.3625003e-01]
  [2.6832999e+02 2.3603000e+02           nan 2.5199541e-01]
  [2.6832999e+02 2.3603000e+02           nan 2.1524538e-01]]]
       [[[2.5520999e+02 2.4350000e+02 2.5262125e-08 2.2499997e-02]
  [2.8089999e+02 2.4567999e+02 2.5262125e-08 2.2499997e-02]
  [2.8335999e+02 2.4567999e+02 2.5262125e-08 2.2499997e-02]
  ...
  [2.7094000e+02 2.3997000e+02           nan 0.0000000e+00]
  [2.8903000e+02 2.4236000e+02           nan 0.0000000e+00]
  [2.8903000e+02 2.4236000e+02           nan 0.0000000e+00]]

 [[2.8089999e+02 2.4567999e+02 2.5262125e-08 8.5499994e-02]
  [2.8089999e+02 2.4567999e+02 2.5262125e-08 8.5499994e-02]
  [2.8335999e+02 2.4567999e+02 2.5262125e-08 6.7833327e-02]
  ...
  [2.7094000e+02 2.3997000e+02           nan 0.0000000e+00]
  [2.8810999e+02 2.4119000e+02           nan 0.0000000e+00]
  [2.8810999e+02 2.4119000e+02           nan 0.0000000e+00]]

 [[2.6982999e+02 2.4461000e+02 2.5262125e-08 1.4849998e-01]
  [2.6982999e+02 2.4461000e+02 2.5262125e-08 1.3083333e-01]
  [2.7838998e+02 2.4461000e+02 2.5262125e-08 8.9611113e-02]
  ...
  [2.9039999e+02 2.4119000e+02           nan 0.0000000e+00]
  [2.8810999e+02 2.4119000e+02           nan 0.0000000e+00]
  [2.8810999e+02 2.4119000e+02           nan 0.0000000e+00]]

 ...

 [[2.9006000e+02 2.4567999e+02 2.5262125e-08 0.0000000e+00]
  [2.9047000e+02 2.4461000e+02 2.5262125e-08 0.0000000e+00]
  [2.9047000e+02 2.4461000e+02 2.5262125e-08 0.0000000e+00]
  ...
  [2.7038998e+02 2.3871001e+02           nan 0.0000000e+00]
  [2.7787000e+02 2.3871001e+02           nan 0.0000000e+00]
  [2.7787000e+02 2.3871001e+02           nan 0.0000000e+00]]

 [[2.8542999e+02 2.4567999e+02 2.5262125e-08 0.0000000e+00]
  [2.9141000e+02 2.4774001e+02 2.5262125e-08 0.0000000e+00]
  [2.9141000e+02 2.4774001e+02 2.5262125e-08 0.0000000e+00]
  ...
  [2.5109000e+02 2.3461000e+02           nan 0.0000000e+00]
  [2.6870999e+02 2.3739999e+02           nan 0.0000000e+00]
  [2.7632001e+02 2.3871001e+02           nan 0.0000000e+00]]

 [[2.8542999e+02 2.4567999e+02 2.5262125e-08 0.0000000e+00]
  [2.9141000e+02 2.4774001e+02 2.5262125e-08 0.0000000e+00]
  [2.9141000e+02 2.4774001e+02 2.5262125e-08 0.0000000e+00]
  ...
  [2.4747000e+02 2.3158000e+02           nan 0.0000000e+00]
  [2.5717999e+02 2.3603000e+02           nan 0.0000000e+00]
  [2.7313998e+02 2.3871001e+02           nan 0.0000000e+00]]]
       [[[2.7792001e+02 2.4567999e+02           nan 0.0000000e+00]
  [2.8948999e+02 2.4567999e+02           nan 0.0000000e+00]
  [2.8948999e+02 2.4567999e+02           nan 0.0000000e+00]
  ...
  [2.9217999e+02 2.4236000e+02           nan 0.0000000e+00]
  [2.8670999e+02 2.4119000e+02           nan 0.0000000e+00]
  [2.8948999e+02 2.4119000e+02           nan 0.0000000e+00]]

 [[2.7373999e+02 2.4461000e+02           nan 0.0000000e+00]
  [2.9038998e+02 2.4461000e+02           nan 0.0000000e+00]
  [2.9173999e+02 2.4461000e+02           nan 0.0000000e+00]
  ...
  [2.9307001e+02 2.4236000e+02           nan 0.0000000e+00]
  [2.9351001e+02 2.4119000e+02           nan 0.0000000e+00]
  [2.9351001e+02 2.4119000e+02           nan 0.0000000e+00]]

 [[2.8239999e+02 2.4461000e+02           nan 0.0000000e+00]
  [2.9038998e+02 2.4461000e+02           nan 0.0000000e+00]
  [2.9173999e+02 2.4461000e+02           nan 0.0000000e+00]
  ...
  [2.9351001e+02 2.4236000e+02           nan 0.0000000e+00]
  [2.9351001e+02 2.4236000e+02           nan 0.0000000e+00]
  [2.9351001e+02 2.4119000e+02           nan 0.0000000e+00]]

 ...

 [[2.7923001e+02 2.4119000e+02           nan 0.0000000e+00]
  [2.9138998e+02 2.4567999e+02           nan 0.0000000e+00]
  [2.9320001e+02 2.4672000e+02           nan 0.0000000e+00]
  ...
  [2.4625999e+02 2.2822000e+02           nan 1.0370372e-03]
  [2.4163000e+02 2.2822000e+02           nan 5.7407417e-03]
  [2.3750000e+02 2.2639999e+02           nan 6.5185195e-03]]

 [[2.7923001e+02 2.4119000e+02           nan 0.0000000e+00]
  [2.9048999e+02 2.4567999e+02           nan 0.0000000e+00]
  [2.9273001e+02 2.4567999e+02           nan 0.0000000e+00]
  ...
  [2.4625999e+02 2.2822000e+02           nan 5.5555556e-05]
  [2.4163000e+02 2.2822000e+02           nan 8.3333335e-04]
  [2.3750000e+02 2.2639999e+02           nan 1.6111111e-03]]

 [[2.8822000e+02 2.4350000e+02           nan 0.0000000e+00]
  [2.9048999e+02 2.4567999e+02           nan 0.0000000e+00]
  [2.9273001e+02 2.4567999e+02           nan 0.0000000e+00]
  ...
  [2.7047000e+02 2.3313000e+02           nan 5.5555556e-05]
  [2.5864999e+02 2.2995000e+02           nan 8.3333335e-04]
  [2.5339000e+02 2.2995000e+02           nan 1.5000000e-03]]]
       [[[2.7845999e+02 2.4350000e+02 1.0000252e-03 0.0000000e+00]
  [2.7845999e+02 2.4350000e+02 1.0000252e-03 0.0000000e+00]
  [2.7995999e+02 2.4350000e+02 2.5262125e-08 0.0000000e+00]
  ...
  [2.9214999e+02 2.3997000e+02 2.5262125e-08 0.0000000e+00]
  [2.9260001e+02 2.3997000e+02 1.0000252e-03 0.0000000e+00]
  [2.9214999e+02 2.4119000e+02 2.5262125e-08 0.0000000e+00]]

 [[2.7845999e+02 2.4350000e+02 1.0000252e-03 0.0000000e+00]
  [2.7845999e+02 2.4350000e+02 1.0000252e-03 0.0000000e+00]
  [2.7995999e+02 2.4350000e+02 2.5262125e-08 0.0000000e+00]
  ...
  [2.9214999e+02 2.3997000e+02 2.5262125e-08 0.0000000e+00]
  [2.9260001e+02 2.3997000e+02 1.0000252e-03 0.0000000e+00]
  [2.9214999e+02 2.4119000e+02 2.5262125e-08 0.0000000e+00]]

 [[2.8045999e+02 2.4236000e+02 2.5262125e-08 5.0555556e-03]
  [2.8045999e+02 2.4236000e+02 2.5262125e-08 5.0555556e-03]
  [2.8045999e+02 2.4236000e+02 2.5262125e-08 5.0555556e-03]
  ...
  [2.9214999e+02 2.3997000e+02 2.5262125e-08 0.0000000e+00]
  [2.9214999e+02 2.3997000e+02 2.5262125e-08 0.0000000e+00]
  [2.9214999e+02 2.3997000e+02 2.5262125e-08 0.0000000e+00]]

 ...

 [[2.7376001e+02 2.3871001e+02 2.5262125e-08 0.0000000e+00]
  [2.7738998e+02 2.3739999e+02 2.5262125e-08 0.0000000e+00]
  [2.7738998e+02 2.3739999e+02 2.5262125e-08 0.0000000e+00]
  ...
  [2.4800999e+02 2.3313000e+02 2.0000252e-03 3.7219906e-01]
  [2.4505000e+02 2.3158000e+02 2.0000252e-03 3.8256943e-01]
  [2.3617000e+02 2.2995000e+02 5.0000250e-03 3.3220834e-01]]

 [[2.7532999e+02 2.3871001e+02 2.5262125e-08 0.0000000e+00]
  [2.7056000e+02 2.3739999e+02 2.5262125e-08 0.0000000e+00]
  [2.7217999e+02 2.3739999e+02 1.0000252e-03 0.0000000e+00]
  ...
  [2.5427000e+02 2.3603000e+02 2.5262125e-08 3.3856016e-01]
  [2.5427000e+02 2.3603000e+02 2.5262125e-08 2.8819907e-01]
  [2.4274001e+02 2.3158000e+02 1.0000252e-03 2.3783796e-01]]

 [[2.8173999e+02 2.4119000e+02 2.0000252e-03 0.0000000e+00]
  [2.6951001e+02 2.3739999e+02 2.0000252e-03 0.0000000e+00]
  [2.7323001e+02 2.3739999e+02 2.0000252e-03 0.0000000e+00]
  ...
  [2.5427000e+02 2.3603000e+02 2.5262125e-08 2.8794444e-01]
  [2.5427000e+02 2.3603000e+02 2.5262125e-08 2.3758332e-01]
  [2.4274001e+02 2.3158000e+02 1.0000252e-03 1.8722221e-01]]]
       [[[2.6067999e+02 2.3313000e+02 1.7300002e-01 0.0000000e+00]
  [2.6312000e+02 2.3313000e+02 2.0200002e-01 0.0000000e+00]
  [2.7056000e+02 2.3603000e+02 1.3000003e-01 0.0000000e+00]
  ...
  [2.8901999e+02 2.3997000e+02 3.9000023e-02 0.0000000e+00]
  [2.8763000e+02 2.3997000e+02 4.5000024e-02 0.0000000e+00]
  [2.8045999e+02 2.3739999e+02 7.4000023e-02 0.0000000e+00]]

 [[2.6547000e+02 2.3313000e+02 1.3700002e-01 0.0000000e+00]
  [2.6129001e+02 2.3158000e+02 1.4300002e-01 0.0000000e+00]
  [2.4653999e+02 2.3158000e+02 1.9700003e-01 0.0000000e+00]
  ...
  [2.8991998e+02 2.3997000e+02 3.9000023e-02 0.0000000e+00]
  [2.8435001e+02 2.3871001e+02 5.8000024e-02 0.0000000e+00]
  [2.7947000e+02 2.3603000e+02 8.5000023e-02 0.0000000e+00]]

 [[2.6547000e+02 2.3313000e+02 1.3700002e-01 0.0000000e+00]
  [2.6129001e+02 2.3158000e+02 1.4300002e-01 0.0000000e+00]
  [2.4653999e+02 2.3158000e+02 1.9700003e-01 0.0000000e+00]
  ...
  [2.8670001e+02 2.3997000e+02 5.8000024e-02 0.0000000e+00]
  [2.8670001e+02 2.3997000e+02 5.8000024e-02 0.0000000e+00]
  [2.7947000e+02 2.3603000e+02 8.5000023e-02 0.0000000e+00]]

 ...

 [[2.8734000e+02 2.4236000e+02 6.9000021e-02 0.0000000e+00]
  [2.8688000e+02 2.4350000e+02 7.4000023e-02 0.0000000e+00]
  [2.8316000e+02 2.4119000e+02 8.2000025e-02 0.0000000e+00]
  ...
  [2.6429999e+02 2.3871001e+02 4.3600002e-01 7.4941653e-01]
  [2.6547000e+02 2.3997000e+02 3.2800001e-01 6.5666658e-01]
  [2.6547000e+02 2.3997000e+02 3.2800001e-01 5.6391662e-01]]

 [[2.8688000e+02 2.4350000e+02 7.4000023e-02 0.0000000e+00]
  [2.8548999e+02 2.4119000e+02 8.0000021e-02 0.0000000e+00]
  [2.8316000e+02 2.4119000e+02 8.2000025e-02 0.0000000e+00]
  ...
  [2.6429999e+02 2.3871001e+02 4.3000001e-01 7.1733320e-01]
  [2.6370999e+02 2.3871001e+02 3.2800001e-01 6.2458324e-01]
  [2.6312000e+02 2.3739999e+02 2.5800002e-01 5.4055554e-01]]

 [[2.8688000e+02 2.4350000e+02 7.4000023e-02 0.0000000e+00]
  [2.8548999e+02 2.4119000e+02 8.0000021e-02 0.0000000e+00]
  [2.8960999e+02 2.4461000e+02 6.7000024e-02 0.0000000e+00]
  ...
  [2.5881000e+02 2.3871001e+02 3.2400003e-01 6.8524992e-01]
  [2.5754001e+02 2.3739999e+02 2.5400001e-01 6.0122216e-01]
  [2.3531000e+02 2.2822000e+02 4.1800001e-01 5.3899997e-01]]]
       [[[2.8901999e+02 2.4117999e+02 2.0600002e-01 0.0000000e+00]
  [2.8856000e+02 2.4117999e+02 1.3400002e-01 0.0000000e+00]
  [2.9126999e+02 2.4236000e+02 5.8000024e-02 0.0000000e+00]
  ...
  [2.9260001e+02 2.4117999e+02 4.1000023e-02 0.0000000e+00]
  [2.9304001e+02 2.4236000e+02 4.2000026e-02 0.0000000e+00]
  [2.9304001e+02 2.4236000e+02 4.2000026e-02 0.0000000e+00]]

 [[2.7538998e+02 2.3997000e+02 3.0700001e-01 0.0000000e+00]
  [2.8901999e+02 2.4117999e+02 1.7000002e-01 0.0000000e+00]
  [2.8810001e+02 2.3997000e+02 9.2000023e-02 0.0000000e+00]
  ...
  [2.9214999e+02 2.4236000e+02 5.5000022e-02 0.0000000e+00]
  [2.9214999e+02 2.4236000e+02 5.3000025e-02 0.0000000e+00]
  [2.9214999e+02 2.4236000e+02 5.3000025e-02 0.0000000e+00]]

 [[2.7485001e+02 2.3871001e+02 1.7700002e-01 0.0000000e+00]
  [2.7795999e+02 2.3997000e+02 2.6300001e-01 0.0000000e+00]
  [2.7897000e+02 2.3997000e+02 5.0000000e-01 0.0000000e+00]
  ...
  [2.9126999e+02 2.4117999e+02 5.1000025e-02 0.0000000e+00]
  [2.8991998e+02 2.4117999e+02 5.3000025e-02 0.0000000e+00]
  [2.8991998e+02 2.4117999e+02 5.3000025e-02 0.0000000e+00]]

 ...

 [[2.9232999e+02 2.4567999e+02 6.7000024e-02 0.0000000e+00]
  [2.9144000e+02 2.4460001e+02 5.9000023e-02 0.0000000e+00]
  [2.9278000e+02 2.4567999e+02 5.5000022e-02 0.0000000e+00]
  ...
  [2.5817999e+02 2.3603999e+02 4.7300002e-01 3.7201390e-01]
  [2.5623999e+02 2.3603999e+02 4.4300002e-01 3.1056944e-01]
  [2.5623999e+02 2.3603999e+02 4.4300002e-01 2.4912497e-01]]

 [[2.9232999e+02 2.4567999e+02 6.7000024e-02 0.0000000e+00]
  [2.9144000e+02 2.4460001e+02 5.9000023e-02 0.0000000e+00]
  [2.9278000e+02 2.4567999e+02 5.5000022e-02 0.0000000e+00]
  ...
  [2.6189999e+02 2.3871001e+02 4.9300000e-01 2.9054165e-01]
  [2.5688998e+02 2.3739999e+02 5.1200002e-01 2.2909719e-01]
  [2.5688998e+02 2.3739999e+02 5.1200002e-01 2.4473609e-01]]

 [[2.9054001e+02 2.4567999e+02 6.9000021e-02 0.0000000e+00]
  [2.9054001e+02 2.4567999e+02 6.9000021e-02 0.0000000e+00]
  [2.9278000e+02 2.4567999e+02 6.4000025e-02 0.0000000e+00]
  ...
  [2.6547000e+02 2.3997000e+02 4.1800001e-01 2.0906940e-01]
  [2.5944000e+02 2.3871001e+02 4.4300002e-01 2.2470829e-01]
  [2.5944000e+02 2.3871001e+02 4.4300002e-01 2.7118054e-01]]]
       [[[2.9085999e+02 2.4236000e+02 5.9000023e-02 6.6111125e-03]
  [2.9082001e+02 2.4236000e+02 5.8000024e-02 6.6111125e-03]
  [2.9037000e+02 2.4236000e+02 7.4000023e-02 6.6111125e-03]
  ...
  [2.9304001e+02 2.4236000e+02 3.0000025e-02 0.0000000e+00]
  [2.9304001e+02 2.4236000e+02 3.0000025e-02 0.0000000e+00]
  [2.9260001e+02 2.4236000e+02 3.9000023e-02 0.0000000e+00]]

 [[2.9219000e+02 2.4236000e+02 4.6000022e-02 0.0000000e+00]
  [2.9175000e+02 2.4236000e+02 5.8000024e-02 0.0000000e+00]
  [2.9126999e+02 2.4236000e+02 9.2000023e-02 0.0000000e+00]
  ...
  [2.9347000e+02 2.4236000e+02 5.3000025e-02 3.8888890e-04]
  [2.9347000e+02 2.4236000e+02 5.3000025e-02 3.8888890e-04]
  [2.9214999e+02 2.4117999e+02 3.7000023e-02 2.7777778e-04]]

 [[2.9219000e+02 2.4236000e+02 4.9000025e-02 0.0000000e+00]
  [2.9219000e+02 2.4236000e+02 4.9000025e-02 0.0000000e+00]
  [2.9170999e+02 2.4236000e+02 6.7000024e-02 0.0000000e+00]
  ...
  [2.9347000e+02 2.4236000e+02 3.1000024e-02 1.1666667e-03]
  [2.9347000e+02 2.4236000e+02 3.1000024e-02 1.0555555e-03]
  [2.9304001e+02 2.4236000e+02 3.7000023e-02 2.7777778e-04]]

 ...

 [[2.9278000e+02 2.4773000e+02 5.3000025e-02 0.0000000e+00]
  [2.9278000e+02 2.4773000e+02 5.3000025e-02 0.0000000e+00]
  [2.9325000e+02 2.4872000e+02 4.2000026e-02 0.0000000e+00]
  ...
  [2.3263000e+02 2.2642000e+02 4.2500001e-01 7.1261102e-01]
  [2.3263000e+02 2.2642000e+02 4.2500001e-01 7.3205543e-01]
  [2.3703000e+02 2.2824001e+02 4.5500001e-01 7.5149977e-01]]

 [[2.9460001e+02 2.4872000e+02 3.5000026e-02 0.0000000e+00]
  [2.9460001e+02 2.4872000e+02 3.5000026e-02 0.0000000e+00]
  [2.9412000e+02 2.4872000e+02 4.5000024e-02 0.0000000e+00]
  ...
  [2.3353999e+02 2.2824001e+02 4.4800001e-01 6.7048132e-01]
  [2.3353999e+02 2.2824001e+02 4.4800001e-01 6.8992573e-01]
  [2.3703000e+02 2.2824001e+02 4.4800001e-01 7.0644420e-01]]

 [[2.9367999e+02 2.4967999e+02 3.7000023e-02 0.0000000e+00]
  [2.9367999e+02 2.4967999e+02 3.7000023e-02 0.0000000e+00]
  [2.9412000e+02 2.4967999e+02 3.7000023e-02 0.0000000e+00]
  ...
  [2.3353999e+02 2.2824001e+02 4.4800001e-01 6.1422211e-01]
  [2.3353999e+02 2.2824001e+02 4.4800001e-01 6.3074058e-01]
  [2.3703000e+02 2.2824001e+02 4.4800001e-01 6.2970352e-01]]]
       [[[2.8951001e+02 2.4350000e+02 4.2000026e-02 0.0000000e+00]
  [2.8722000e+02 2.4350000e+02 6.4000025e-02 0.0000000e+00]
  [2.8722000e+02 2.4350000e+02 6.4000025e-02 0.0000000e+00]
  ...
  [2.9214999e+02 2.4236000e+02 1.7000025e-02 7.2777779e-03]
  [2.9214999e+02 2.4236000e+02 1.7000025e-02 1.0777778e-02]
  [2.9260001e+02 2.4350000e+02 5.0000250e-03 1.5333334e-02]]

 [[2.8995999e+02 2.4350000e+02 6.9000021e-02 0.0000000e+00]
  [2.8995999e+02 2.4350000e+02 4.1000023e-02 0.0000000e+00]
  [2.8995999e+02 2.4350000e+02 4.1000023e-02 0.0000000e+00]
  ...
  [2.9214999e+02 2.4350000e+02 1.2000025e-02 7.6666670e-03]
  [2.9260001e+02 2.4350000e+02 5.0000250e-03 1.2222223e-02]
  [2.9260001e+02 2.4350000e+02 5.0000250e-03 2.3111112e-02]]

 [[2.8995999e+02 2.4350000e+02 6.9000021e-02 0.0000000e+00]
  [2.8995999e+02 2.4350000e+02 4.1000023e-02 0.0000000e+00]
  [2.8995999e+02 2.4350000e+02 4.1000023e-02 0.0000000e+00]
  ...
  [2.9214999e+02 2.4350000e+02 1.2000025e-02 9.1111120e-03]
  [2.9260001e+02 2.4350000e+02 5.0000250e-03 2.0000001e-02]
  [2.9260001e+02 2.4350000e+02 5.0000250e-03 3.0888893e-02]]

 ...

 [[2.8235999e+02 2.4567999e+02 5.1000025e-02 0.0000000e+00]
  [2.8466000e+02 2.4460001e+02 4.6000022e-02 0.0000000e+00]
  [2.8144000e+02 2.4236000e+02 5.5000022e-02 0.0000000e+00]
  ...
  [2.3617000e+02 2.2824001e+02 3.0000252e-03 4.2329636e-01]
  [2.3871001e+02 2.2996001e+02 3.0000252e-03 4.5259267e-01]
  [2.3871001e+02 2.2996001e+02 3.0000252e-03 4.7414821e-01]]

 [[2.8466000e+02 2.4460001e+02 4.6000022e-02 0.0000000e+00]
  [2.8466000e+02 2.4350000e+02 5.1000025e-02 0.0000000e+00]
  [2.8557999e+02 2.4567999e+02 3.9000023e-02 0.0000000e+00]
  ...
  [2.3617000e+02 2.2824001e+02 3.0000252e-03 5.2829635e-01]
  [2.3871001e+02 2.2996001e+02 3.0000252e-03 5.4985189e-01]
  [2.3871001e+02 2.2996001e+02 3.0000252e-03 5.2496302e-01]]

 [[2.8557999e+02 2.4567999e+02 3.9000023e-02 0.0000000e+00]
  [2.8557999e+02 2.4567999e+02 3.9000023e-02 0.0000000e+00]
  [2.8878000e+02 2.4567999e+02 3.0000025e-02 0.0000000e+00]
  ...
  [2.3263000e+02 2.2824001e+02 6.0000252e-03 6.2555563e-01]
  [2.3263000e+02 2.2824001e+02 5.0000250e-03 6.0066670e-01]
  [2.3263000e+02 2.2824001e+02 5.0000250e-03 5.7577783e-01]]]
       [[[2.9222000e+02 2.4460001e+02 2.5262125e-08 0.0000000e+00]
  [2.9267999e+02 2.4460001e+02 2.5262125e-08 0.0000000e+00]
  [2.8995999e+02 2.4460001e+02 2.5262125e-08 0.0000000e+00]
  ...
  [2.9082001e+02 2.4117999e+02           nan 0.0000000e+00]
  [2.9082001e+02 2.4117999e+02           nan 0.0000000e+00]
  [2.9082001e+02 2.4117999e+02           nan 0.0000000e+00]]

 [[2.9267999e+02 2.4460001e+02 2.5262125e-08 0.0000000e+00]
  [2.9267999e+02 2.4460001e+02 2.5262125e-08 0.0000000e+00]
  [2.9219000e+02 2.4460001e+02 2.5262125e-08 0.0000000e+00]
  ...
  [2.9082001e+02 2.4117999e+02           nan 0.0000000e+00]
  [2.9082001e+02 2.4117999e+02           nan 0.0000000e+00]
  [2.9082001e+02 2.4117999e+02           nan 0.0000000e+00]]

 [[2.9222000e+02 2.4460001e+02 2.5262125e-08 0.0000000e+00]
  [2.9222000e+02 2.4460001e+02 2.5262125e-08 0.0000000e+00]
  [2.9219000e+02 2.4460001e+02 2.5262125e-08 0.0000000e+00]
  ...
  [2.8991998e+02 2.3997000e+02           nan 0.0000000e+00]
  [2.8856000e+02 2.3997000e+02           nan 0.0000000e+00]
  [2.8856000e+02 2.3997000e+02           nan 0.0000000e+00]]

 ...

 [[2.8373001e+02 2.4236000e+02 2.5262125e-08 0.0000000e+00]
  [2.8001999e+02 2.3997000e+02 2.5262125e-08 0.0000000e+00]
  [2.8001999e+02 2.3997000e+02 2.5262125e-08 0.0000000e+00]
  ...
  [2.3953999e+02 2.3159000e+02           nan 6.4461088e-01]
  [2.3442999e+02 2.2824001e+02           nan 5.4894435e-01]
  [2.4195000e+02 2.2996001e+02           nan 4.5327777e-01]]

 [[2.8373001e+02 2.4236000e+02 2.5262125e-08 0.0000000e+00]
  [2.8001999e+02 2.3997000e+02 2.5262125e-08 0.0000000e+00]
  [2.7709000e+02 2.3997000e+02 2.5262125e-08 0.0000000e+00]
  ...
  [2.2887000e+02 2.2642000e+02           nan 7.5487483e-01]
  [2.2983000e+02 2.2449001e+02           nan 6.5920824e-01]
  [2.4274001e+02 2.2996001e+02           nan 5.6354165e-01]]

 [[2.8651001e+02 2.4350000e+02 2.5262125e-08 0.0000000e+00]
  [2.7709000e+02 2.3997000e+02 2.5262125e-08 0.0000000e+00]
  [2.7660001e+02 2.3997000e+02 2.5262125e-08 0.0000000e+00]
  ...
  [2.3077000e+02 2.2449001e+02           nan 8.7173593e-01]
  [2.3953999e+02 2.2642000e+02           nan 7.7606934e-01]
  [2.4580000e+02 2.2996001e+02           nan 7.2295833e-01]]]
       [[[2.9001001e+02 2.4117999e+02 2.5262125e-08 0.0000000e+00]
  [2.7554999e+02 2.3997000e+02 2.5262125e-08 0.0000000e+00]
  [2.8157001e+02 2.3997000e+02 2.5262125e-08 0.0000000e+00]
  ...
  [2.8338000e+02 2.3314000e+02           nan 5.0416673e-03]
  [2.8338000e+02 2.3314000e+02           nan 5.0416673e-03]
  [2.4163000e+02 2.2824001e+02           nan 5.0416673e-03]]

 [[2.7813000e+02 2.3871001e+02 2.5262125e-08 0.0000000e+00]
  [2.8059000e+02 2.3871001e+02 2.5262125e-08 0.0000000e+00]
  [2.8059000e+02 2.3997000e+02 2.5262125e-08 0.0000000e+00]
  ...
  [2.5864999e+02 2.3314000e+02           nan 0.0000000e+00]
  [2.5864999e+02 2.3314000e+02           nan 0.0000000e+00]
  [2.6476999e+02 2.2996001e+02           nan 0.0000000e+00]]

 [[2.7813000e+02 2.3871001e+02 2.5262125e-08 0.0000000e+00]
  [2.8059000e+02 2.3871001e+02 2.5262125e-08 0.0000000e+00]
  [2.8059000e+02 2.3997000e+02 2.5262125e-08 0.0000000e+00]
  ...
  [2.6298001e+02 2.3159000e+02           nan 0.0000000e+00]
  [2.6298001e+02 2.3159000e+02           nan 0.0000000e+00]
  [2.4000999e+02 2.2824001e+02           nan 0.0000000e+00]]

 ...

 [[2.7563000e+02 2.3871001e+02 2.5262125e-08 0.0000000e+00]
  [2.6772000e+02 2.3739999e+02 2.5262125e-08 0.0000000e+00]
  [2.6772000e+02 2.3739999e+02 2.5262125e-08 0.0000000e+00]
  ...
  [2.5270999e+02 2.3739999e+02           nan 1.1623657e+00]
  [2.5474001e+02 2.3739999e+02           nan 1.0965139e+00]
  [2.5474001e+02 2.3739999e+02           nan 1.0306621e+00]]

 [[2.7613000e+02 2.3871001e+02 2.5262125e-08 0.0000000e+00]
  [2.6932999e+02 2.3739999e+02 2.5262125e-08 0.0000000e+00]
  [2.6932999e+02 2.3739999e+02 2.5262125e-08 0.0000000e+00]
  ...
  [2.5270999e+02 2.3314000e+02           nan 1.0976297e+00]
  [2.4775000e+02 2.3462000e+02           nan 1.0317779e+00]
  [2.4775000e+02 2.3462000e+02           nan 9.6158350e-01]]

 [[2.7613000e+02 2.3871001e+02 2.5262125e-08 0.0000000e+00]
  [2.6932999e+02 2.3739999e+02 2.5262125e-08 0.0000000e+00]
  [2.6088998e+02 2.3462000e+02 2.5262125e-08 0.0000000e+00]
  ...
  [2.5270999e+02 2.2996001e+02           nan 9.9444455e-01]
  [2.3834000e+02 2.2642000e+02           nan 9.2425019e-01]
  [2.3834000e+02 2.2642000e+02           nan 8.2800013e-01]]]
       [[[291.78      242.36              nan   0.       ]
  [290.44      242.36              nan   0.       ]
  [291.34      242.36              nan   0.       ]
  ...
  [245.8       231.59              nan   0.       ]
  [248.73      228.24              nan   0.       ]
  [256.24      233.14              nan   0.       ]]

 [[290.88998   242.36              nan   0.       ]
  [291.78      242.36              nan   0.       ]
  [290.88998   243.5               nan   0.       ]
  ...
  [248.73      228.24              nan   0.       ]
  [278.46      236.04              nan   0.       ]
  [264.3       234.62              nan   0.       ]]

 [[292.22      243.5               nan   0.       ]
  [291.78      243.5               nan   0.       ]
  [289.99      243.5               nan   0.       ]
  ...
  [248.73      228.24              nan   0.       ]
  [278.46      236.04              nan   0.       ]
  [264.3       234.62              nan   0.       ]]

 ...

 [[291.96      246.72              nan   0.       ]
  [290.16998   245.68              nan   0.       ]
  [290.16998   245.68              nan   0.       ]
  ...
  [225.88      228.24              nan   2.6929862]
  [225.88      228.24              nan   2.4555695]
  [229.83      228.24              nan   2.2181528]]

 [[291.96      246.72              nan   0.       ]
  [291.96      246.72              nan   0.       ]
  [291.96      246.72              nan   0.       ]
  ...
  [225.88      228.24              nan   2.5440834]
  [225.88      228.24              nan   2.3066666]
  [229.83      228.24              nan   2.0908332]]

 [[292.86      247.73              nan   0.       ]
  [292.86      246.72              nan   0.       ]
  [292.86      246.72              nan   0.       ]
  ...
  [224.85      220.2               nan   2.2856667]
  [224.85      220.2               nan   2.0698335]
  [224.85      224.49              nan   1.9835001]]]
       [[[2.9047000e+02 2.4236000e+02 2.0000252e-03 2.3000002e-02]
  [2.9003000e+02 2.4236000e+02 2.0000252e-03 3.6888894e-02]
  [2.9222000e+02 2.4236000e+02 1.0000252e-03 5.2444447e-02]
  ...
  [2.8991998e+02 2.3871001e+02 2.5262125e-08 0.0000000e+00]
  [2.8670001e+02 2.3871001e+02 2.5262125e-08 0.0000000e+00]
  [2.8901999e+02 2.3871001e+02 2.5262125e-08 0.0000000e+00]]

 [[2.8214999e+02 2.4236000e+02 2.5262125e-08 2.9222226e-02]
  [2.8214999e+02 2.4236000e+02 2.5262125e-08 4.3111116e-02]
  [2.8957999e+02 2.4236000e+02 2.0000252e-03 4.2740744e-02]
  ...
  [2.8991998e+02 2.3871001e+02 2.5262125e-08 0.0000000e+00]
  [2.8856000e+02 2.3871001e+02 1.0000252e-03 0.0000000e+00]
  [2.8901999e+02 2.3871001e+02 2.5262125e-08 0.0000000e+00]]

 [[2.8214999e+02 2.4236000e+02 2.5262125e-08 3.5000004e-02]
  [2.8214999e+02 2.4236000e+02 2.5262125e-08 3.3777781e-02]
  [2.8591000e+02 2.4236000e+02 2.5262125e-08 2.7037039e-02]
  ...
  [2.8947000e+02 2.3871001e+02 2.5262125e-08 0.0000000e+00]
  [2.8810001e+02 2.3871001e+02 1.0000252e-03 0.0000000e+00]
  [2.9037000e+02 2.3871001e+02 2.0000252e-03 0.0000000e+00]]

 ...

 [[2.9288998e+02 2.4872000e+02 1.0000252e-03 0.0000000e+00]
  [2.9288998e+02 2.4872000e+02 1.0000252e-03 0.0000000e+00]
  [2.9285999e+02 2.4773000e+02 2.5262125e-08 0.0000000e+00]
  ...
  [2.3716000e+02 2.2996001e+02 2.0000252e-03 1.1608609e+00]
  [2.3617000e+02 2.2996001e+02 2.5262125e-08 1.2560414e+00]
  [2.3617000e+02 2.2996001e+02 2.5262125e-08 1.4476340e+00]]

 [[2.9288998e+02 2.4872000e+02 1.0000252e-03 0.0000000e+00]
  [2.9288998e+02 2.4872000e+02 1.0000252e-03 0.0000000e+00]
  [2.9285999e+02 2.4773000e+02 2.5262125e-08 0.0000000e+00]
  ...
  [2.2496001e+02 2.2642000e+02 9.0000248e-03 9.5261085e-01]
  [2.2802000e+02 2.2642000e+02 8.0000255e-03 1.0477914e+00]
  [2.2802000e+02 2.2642000e+02 8.0000255e-03 1.1218377e+00]]

 [[2.9338000e+02 2.4872000e+02 2.5262125e-08 0.0000000e+00]
  [2.9338000e+02 2.4872000e+02 2.5262125e-08 0.0000000e+00]
  [2.9338000e+02 2.4872000e+02 2.5262125e-08 0.0000000e+00]
  ...
  [2.2389999e+02 2.2242000e+02 2.5262125e-08 7.7219874e-01]
  [2.2389999e+02 2.2242000e+02 2.5262125e-08 7.5822192e-01]
  [2.2389999e+02 2.2242000e+02 2.5262125e-08 7.8524977e-01]]]
