Output shape: (50, 1)
Output values: [[-6.226876 ]
 [-7.3829165]
 [-5.397819 ]
 [-9.63117  ]
 [-5.6221256]
 [-6.518799 ]
 [-6.6299887]
 [-5.5350785]
 [-8.816201 ]
 [-7.018257 ]
 [-6.7438574]
 [-7.278849 ]
 [-6.898649 ]
 [-5.2268333]
 [-6.456848 ]
 [-7.241435 ]
 [-7.188373 ]
 [-6.610528 ]
 [-5.1058702]
 [-7.314558 ]
 [-9.821416 ]
 [-7.5638647]
 [-4.8129425]
 [-7.068702 ]
 [-5.0720086]
 [-5.802544 ]
 [-9.604061 ]
 [-7.5490727]
 [-6.667459 ]
 [-7.260109 ]
 [-6.893546 ]
 [-8.243758 ]
 [-7.8635864]
 [-9.327667 ]
 [-5.1157765]
 [-4.9198728]
 [-8.051678 ]
 [-5.713646 ]
 [-7.29469  ]
 [-7.0790215]
 [-7.1303997]
 [-7.293605 ]
 [-6.4579797]
 [-5.7020855]
 [-6.4016933]
 [-6.60265  ]
 [-6.982095 ]
 [-7.392295 ]
 [-6.1960244]
 [-4.7685227]]
Output shape: (50, 1)
Output values: [[-6.735882 ]
 [-6.794366 ]
 [-7.2191577]
 [-5.081483 ]
 [-7.106229 ]
 [-5.5919323]
 [-6.7461133]
 [-7.8125215]
 [-4.888285 ]
 [-4.9596796]
 [-7.1255994]
 [-7.277391 ]
 [-5.817006 ]
 [-5.7840204]
 [-5.0339437]
 [-6.6471825]
 [-7.45923  ]
 [-6.2005773]
 [-5.991166 ]
 [-5.954157 ]
 [-6.1177807]
 [-7.3012934]
 [-7.262736 ]
 [-7.150832 ]
 [-6.7349863]
 [-6.3365636]
 [-5.617217 ]
 [-7.0469127]
 [-5.6018205]
 [-9.66263  ]
 [-7.2078695]
 [-5.6832676]
 [-6.363981 ]
 [-6.9115167]
 [-6.901257 ]
 [-6.679302 ]
 [-5.34588  ]
 [-7.4041777]
 [-7.545727 ]
 [-5.662323 ]
 [-8.789101 ]
 [-5.43402  ]
 [-6.7700033]
 [-7.4033856]
 [-7.320664 ]
 [-7.1091204]
 [-6.772399 ]
 [-5.120135 ]
 [-5.0726237]
 [-6.9963036]]
Executing epoch #1
