Output shape: (50, 3)
Output values:
[[-0.89835095 -6.3699174  -5.6642284 ]
 [-7.0361423  -4.060872   -2.357391  ]
 [-2.4324296  -5.6736364  -4.891969  ]
 [-1.8776124  -6.052356   -4.845098  ]
 [-4.1024575  -5.314434   -0.5568044 ]
 [-1.1882458  -6.3221116  -3.7410984 ]
 [-1.2132595  -4.781143   -3.722022  ]
 [-5.7230387  -7.262869   -3.603907  ]
 [-1.1460986  -5.190033   -3.5009117 ]
 [-5.744447   -7.2115035  -3.6420696 ]
 [-4.3496685  -4.228101   -2.0890236 ]
 [-3.9646428  -3.32762    -1.3652034 ]
 [-4.839832   -7.245735   -3.1701784 ]
 [-7.139303   -4.606208   -2.6675196 ]
 [-2.2121902  -6.2071524  -5.011795  ]
 [-4.4271283  -3.334042   -1.0418042 ]
 [-0.45818377 -5.6483006  -5.409421  ]
 [-4.2545414  -6.6752286  -0.9451211 ]
 [-5.6940284  -7.188121   -3.5150583 ]
 [-6.5997715  -4.27822    -2.5679393 ]
 [-1.4587498  -6.7337976  -5.554874  ]
 [-4.1395655  -7.040674   -1.5242211 ]
 [-2.0635343  -5.936207   -4.0683317 ]
 [-1.0180552  -6.2495575  -3.485557  ]
 [-1.2888     -7.238674   -5.0731435 ]
 [-1.1382987  -6.0001974  -3.6663115 ]
 [-2.0726538  -7.0515018  -5.0673537 ]
 [-6.9876533  -7.1284895  -4.12327   ]
 [-1.1944983  -6.083826   -3.7239852 ]
 [-2.2871778  -6.1256223  -4.2226915 ]
 [-0.72715807 -6.0122356  -5.600479  ]
 [-1.2205637  -5.82744    -3.8599374 ]
 [-0.9182806  -6.3599935  -3.6562126 ]
 [-6.6214066  -6.605831   -3.6778727 ]
 [-6.0886703  -6.782626   -3.9105778 ]
 [-1.4217668  -7.3621445  -5.239482  ]
 [-6.1948495  -4.221398   -2.245734  ]
 [-6.9220057  -4.889831   -2.744153  ]
 [-4.1374454  -3.81839    -1.7814485 ]
 [-0.9852874  -4.9012537  -3.489273  ]
 [-2.1242914  -7.2681684  -4.7853794 ]
 [-4.0541687  -7.223417   -1.3791015 ]
 [-1.8597796  -7.1200294  -5.3519692 ]
 [-1.5175428  -5.9372897  -4.72562   ]
 [-6.69104    -3.9656115  -2.4811382 ]
 [-7.2510424  -4.343758   -2.5519683 ]
 [-4.532466   -7.095586   -2.3180091 ]
 [-5.2795625  -7.242642   -3.3939607 ]
 [-6.63276    -5.6643267  -3.096257  ]
 [-0.60858655 -5.6687627  -5.5592775 ]]
Output shape: (50, 3)
Output values:
[[-2.015201   -7.1286983  -5.3798738 ]
 [-0.5345402  -5.657733   -5.4812617 ]
 [-4.41747    -3.6265788  -1.0041292 ]
 [-2.7800102  -6.244643   -4.1334977 ]
 [-1.0530365  -5.0312195  -3.4759552 ]
 [-6.636986   -5.2111473  -2.829127  ]
 [-4.508199   -3.101349   -1.3374903 ]
 [-4.231326   -6.9314156  -1.7087816 ]
 [-1.0734756  -5.9309607  -3.7581887 ]
 [-6.609032   -5.1467786  -2.9381614 ]
 [-3.7103324  -4.129062   -0.846339  ]
 [-2.4105163  -5.4055676  -4.6192894 ]
 [-1.0998328  -5.948992   -3.594719  ]
 [-4.140514   -5.7988987  -0.61750156]
 [-6.1058292  -5.261041   -2.626953  ]
 [-1.69117    -7.125557   -5.3051324 ]
 [-1.7970111  -6.064327   -4.3817663 ]
 [-2.1820514  -6.60674    -5.0678015 ]
 [-2.107975   -7.161212   -4.931682  ]
 [-1.3657811  -6.816636   -4.9502177 ]
 [-1.4495995  -4.683612   -3.9451778 ]
 [-3.9494624  -4.710235   -0.7249993 ]
 [-6.536248   -3.4989238  -2.1479924 ]
 [-1.7435925  -7.0471916  -4.847021  ]
 [-5.102178   -4.0947695  -2.100275  ]
 [-2.3643599  -5.1689715  -4.3503985 ]
 [-1.9593682  -5.041481   -4.4783497 ]
 [-4.272129   -3.0922356  -1.2626665 ]
 [-6.8832307  -5.9605517  -3.1999676 ]
 [-4.308012   -3.4128003  -1.2158322 ]
 [-1.6046784  -4.908816   -4.571756  ]
 [-1.6392307  -4.998172   -4.062641  ]
 [-1.5279429  -4.8048677  -4.261999  ]
 [-4.00448    -3.3589563  -1.6062557 ]
 [-1.1259673  -6.035326   -3.797689  ]
 [-1.7378135  -5.6020856  -4.1990056 ]
 [-1.1664429  -7.6129503  -5.1541586 ]
 [-3.8242624  -3.7133884  -1.1391408 ]
 [-6.55347    -6.8928967  -3.9718564 ]
 [-4.8741775  -4.0983057  -2.2241871 ]
 [-0.78692245 -6.069375   -3.3691673 ]
 [-4.291018   -6.2053156  -0.64824766]
 [-2.011346   -5.78082    -4.7789316 ]
 [-5.9656034  -3.6941376  -2.1727567 ]
 [-1.3850162  -5.630187   -3.922287  ]
 [-7.0688524  -6.3733387  -3.358195  ]
 [-7.260985   -4.073765   -2.314336  ]
 [-5.629734   -5.0814266  -2.2418053 ]
 [-0.9652481  -6.3529553  -4.001112  ]
 [-6.6121655  -4.686367   -2.7677965 ]]