Data Structure Information:
<class 'pandas.core.frame.DataFrame'>
Int64Index: 142 entries, 0 to 141
Data columns (total 23 columns):
 #   Column         Non-Null Count  Dtype  
---  ------         --------------  -----  
 0   region         142 non-null    object 
 1   ID             142 non-null    object 
 2   time           142 non-null    object 
 3   Vmax           142 non-null    float64
 4   R34            142 non-null    float64
 5   RMW            142 non-null    object 
 6   MSLP           142 non-null    float64
 7   lon            142 non-null    float64
 8   lat            142 non-null    float64
 9   SHIPS_D200     120 non-null    object 
 10  SHIPS_RHLO     120 non-null    object 
 11  SHRD           120 non-null    object 
 12  SHRS           120 non-null    object 
 13  SHTS           120 non-null    object 
 14  SHRG           120 non-null    object 
 15  DIVC           120 non-null    object 
 16  U200           120 non-null    object 
 17  EPSS           120 non-null    object 
 18  ENSS           120 non-null    object 
 19  RSST           120 non-null    object 
 20  check          142 non-null    object 
 21  valid_profile  142 non-null    bool   
 22  Vmax_best      142 non-null    float64
dtypes: bool(1), float64(6), object(16)
memory usage: 25.7+ KB


Top 200 Data:
    region       ID        time       Vmax       R34 RMW    MSLP    lon   lat SHIPS_D200 SHIPS_RHLO SHRD SHRS SHTS SHRG DIVC  U200 EPSS ENSS RSST check  valid_profile  Vmax_best
0       WP  200401W  2004021100  15.936704    0.0000   0  1006.0  147.2   8.2        NaN        NaN  NaN  NaN  NaN  NaN  NaN   NaN  NaN  NaN  NaN     1           True       15.0
1       WP  200401W  2004021103  17.512036    0.0000   0  1005.0  146.7   8.5        NaN        NaN  NaN  NaN  NaN  NaN  NaN   NaN  NaN  NaN  NaN     1           True       18.0
2       WP  200401W  2004021106  17.476355    0.0000   0  1004.0  146.2   8.8        NaN        NaN  NaN  NaN  NaN  NaN  NaN   NaN  NaN  NaN  NaN     1           True       20.0
3       WP  200401W  2004021109  20.755124    0.0000   0  1004.0  145.6   9.2        NaN        NaN  NaN  NaN  NaN  NaN  NaN   NaN  NaN  NaN  NaN     1           True       20.0
4       WP  200401W  2004021112  20.237560    0.0000   0  1004.0  145.1   9.6        NaN        NaN  NaN  NaN  NaN  NaN  NaN   NaN  NaN  NaN  NaN     1           True       20.0
5       WP  200401W  2004021115  24.749842    0.0000   0  1003.0  144.6  10.0        NaN        NaN  NaN  NaN  NaN  NaN  NaN   NaN  NaN  NaN  NaN     1           True       23.0
6       WP  200401W  2004021118  24.808107    0.0000   0  1002.0  144.0  10.4         53         80   94   90   66  246   71  -199   41   15  283     1           True       25.0
7       WP  200401W  2004021121  25.237652    0.0000  30  1002.0  143.3  10.8         60         80   88   86   79  234   68  -192   38   15  283     1           True       25.0
8       WP  200401W  2004021200  22.100362    0.0000  60  1002.0  142.7  11.1         67         80   82   82   91  222   65  -185   35   15  283     1           True       25.0
9       WP  200401W  2004021203  21.776451    0.0000  45  1001.0  142.0  11.3         48         79  105   77   86  237   56  -186   33   16  284     1           True       28.0
10      WP  200401W  2004021206  21.578376    0.0000  30  1000.0  141.3  11.6         28         78  128   72   81  252   46  -186   30   16  284     1           True       30.0
11      WP  200401W  2004021209  23.856641    0.0000  30  1000.0  140.8  12.1         30         79  152   64   84  267   45  -170   31   16  284     1           True       30.0
12      WP  200401W  2004021212  21.852558    0.0000  30  1000.0  140.3  12.7         31         80  175   56   86  282   43  -153   31   16  283     1           True       30.0
13      WP  200401W  2004021215  21.125888    0.0000  30  1000.0  139.6  12.6         43         82  170   49   74  258   54  -149   30   16  283     1           True       30.0
14      WP  200401W  2004021218  19.116281    0.0000  30  1000.0  138.9  12.4         55         83  164   42   61  234   64  -144   28   16  283     1          False       30.0
15      WP  200401W  2004021221  19.379027    0.0000  30  1000.0  138.2  12.4         56         81  172   53   47  255   62  -160   23   17  283     1          False       30.0
16      WP  200401W  2004021300  19.875232    0.0000  30  1000.0  137.6  12.4         56         79  179   63   33  275   59  -176   17   18  283     1          False       30.0
17      WP  200401W  2004021303  21.000412    0.0000  30  1000.0  137.1  12.6         63         78  172   69   46  284   59  -178   20   18  283     1           True       30.0
18      WP  200401W  2004021306  21.811378    0.0000  30  1000.0  136.7  12.8         70         77  164   75   59  292   59  -180   23   18  282     1           True       30.0
19      WP  200401W  2004021309  21.987623    0.0000  30   999.0  136.3  13.1         69         76  197   93   68  332   64  -172   21   18  282     1          False       33.0
20      WP  200401W  2004021312  20.751972    0.0000  30   997.0  135.9  13.4         67         74  230  111   77  372   68  -164   18   18  281     1          False       35.0
21      WP  200401W  2004021315  38.000000   34.8176  30   996.0  135.7  13.8         73         74  216  110   79  340   79  -114   15   19  280     2          False       38.0
22      WP  200401W  2004021318  40.000000   69.4500  30   994.0  135.4  14.1         79         73  201  108   81  308   89   -63   11   19  278     0           True       40.0
23      WP  200401W  2004021321  38.000000   69.4500  30   996.0  135.3  14.4         70         74  174  110   83  291   75   -54    9   19  277     0           True       38.0
24      WP  200401W  2004021400  20.765029   69.4500  30   997.0  135.2  14.8         60         74  147  112   84  274   61   -44    7   19  275     1          False       35.0
25      WP  200401W  2004021403  20.378933   69.4500  25   997.0  135.4  15.1         74         73  127   93   78  255   72   -33    4   27  275     1          False       35.0
26      WP  200401W  2004021406  19.453493   69.4500  20   997.0  135.6  15.3         88         72  107   73   72  235   82   -22    0   34  274     1          False       35.0
27      WP  200401W  2004021409  18.782452   34.8176  20   999.0  135.8  15.1         92         74  117   72   57  232   85   -44    1   31  275     1          False       33.0
28      WP  200401W  2004021412  17.402031    0.0000  20  1000.0  135.9  14.8         96         75  127   71   42  229   87   -65    1   27  276     1          False       30.0
29      WP  200401W  2004021415  17.173562    0.0000  30  1000.0  136.1  14.8         91         76  118   73   43  229   90   -69    1   26  276     1          False       30.0
30      WP  200401W  2004021418  16.979986    0.0000  40  1000.0  136.3  14.7         85         76  109   75   44  229   93   -72    1   24  276     1          False       30.0
31      WP  200401W  2004021421  17.146080    0.0000  40  1000.0  136.4  14.8         73         74   94   71   49  226   80   -78    1   32  276     1          False       30.0
32      WP  200401W  2004021500  18.134712    0.0000  40  1000.0  136.6  14.9         61         72   78   66   53  222   66   -83    0   39  275     1          False       30.0
33      WP  200401W  2004021503  17.648582    0.0000  40  1000.0  136.8  14.9         60         73  101   52   43  237   61   -94    0   41  275     1          False       30.0
34      WP  200401W  2004021506  17.256285    0.0000  40  1000.0  137.0  14.8         58         73  123   37   33  251   56  -104    0   43  275     1          False       30.0
35      WP  200401W  2004021509  17.570549    0.0000  40  1001.0  136.9  14.7         38         73  140   43   27  254   32  -117    0   45  276     1          False       28.0
36      WP  200401W  2004021512  17.948692    0.0000  40  1002.0  136.8  14.5         18         72  156   49   21  256    8  -130    0   47  277     1           True       25.0
37      WP  200401W  2004021515  18.128426    0.0000  50  1002.0  136.4  14.4         19         71  176   56   26  265   18  -130    0   50  277     1           True       25.0
38      WP  200401W  2004021518  19.186572    0.0000  60  1002.0  136.1  14.3         19         70  196   62   30  273   27  -129    0   53  277     1           True       25.0
39      WP  200401W  2004021521  18.684094    0.0000  60  1002.0  135.9  13.8         13         70  193   65  194  269    9  -134    0   45  279     1           True       25.0
40      WP  200401W  2004021600  18.248488    0.0000  60  1002.0  135.8  13.3          6         70  190   67  357  264   -9  -139    0   37  280     1           True       25.0
41      WP  200401W  2004021603  17.318354    0.0000  60  1002.0  135.8  12.6         -3         72  219   77  349  300   -8  -160    8   28  281     1           True       25.0
42      WP  200401W  2004021606  17.118491    0.0000  60  1002.0  135.7  11.9        -11         73  247   86  340  335   -7  -181   15   18  281     1           True       25.0
43      WP  200401W  2004021609  17.562810    0.0000  30  1002.0  135.4  11.4         -6         73  262   82  331  343    7  -203   19   18  281     1           True       25.0
44      WP  200401W  2004021612  17.816640    0.0000   0  1002.0  135.2  10.8          0         73  276   77  321  350   21  -225   22   17  281     1           True       25.0
45      WP  200401W  2004021615  17.181593    0.0000   0  1002.0  134.8  10.5          5         73  260   76  314  328   23  -213   24   17  282     1           True       25.0
46      WP  200401W  2004021618  16.553263    0.0000   0  1002.0  134.4  10.2         10         73  244   74  307  306   24  -200   26   16  282     1           True       25.0
47      WP  200401W  2004021621  16.279394    0.0000   0  1002.0  134.2   9.9         -3         73  256   98  305  331    5  -199   30   16  282     1           True       25.0
48      WP  200401W  2004021700  16.314356    0.0000   0  1002.0  134.1   9.6        -16         72  268  121  303  356  -14  -197   34   15  282     1           True       25.0
49      WP  200401W  2004021703  15.862064    0.0000   0  1002.0  134.0   9.4        -16         74  252  129  304  348  -15  -182   32   16  283     1           True       25.0
50      WP  200401W  2004021706  15.808753    0.0000   0  1002.0  133.9   9.3        -16         76  236  137  304  340  -15  -166   29   16  283     1           True       25.0
51      WP  200401W  2004021709  15.712358    0.0000   0  1002.0  133.8   9.2        -22         76  237  143  304  352  -29  -177   33   16  283     1           True       25.0
52      WP  200401W  2004021712  15.816967    0.0000   0  1002.0  133.7   9.1        -27         75  238  149  303  363  -43  -188   37   15  283     1           True       25.0
53      WP  200401W  2004021715  15.603121    0.0000   0  1002.0  133.6   9.1        -24         76  220  135  306  341  -37  -180   42   15  283     1           True       25.0
54      WP  200401W  2004021718  15.729449    0.0000   0  1002.0  133.5   9.0        -20         77  202  120  308  319  -31  -172   46   14  283     1           True       25.0
55      WP  200401W  2004021721  15.651823    0.0000   0  1002.0  133.4   8.9        -10         77  181  121  305  307  -19  -160   47   15  283     1           True       25.0
56      WP  200401W  2004021800  15.394437    0.0000   0  1002.0  133.3   8.9          1         77  160  122  302  295   -6  -148   47   15  282     1           True       25.0
57      WP  200401W  2004021803  15.415462    0.0000   0  1002.0  133.2   8.9          6         77  173  117  301  299    2  -157   48   15  282     1           True       25.0
58      WP  200401W  2004021806  15.185186    0.0000   0  1002.0  133.1   8.8         11         76  186  111  300  303    9  -165   49   15  282     1           True       25.0
59      WP  200401W  2004021809  14.816445    0.0000   0  1002.0  133.0   8.8         17         77  196  108  305  306   12  -181   52   15  282     1          False       25.0
60      WP  200401W  2004021812  14.795814    0.0000   0  1002.0  132.9   8.7         22         78  205  105  310  308   14  -196   55   14  282     1          False       25.0
61      WP  200401W  2004021815  14.656007    0.0000   0  1002.0  132.8   8.6         27         78  189   86  313  266   29  -189   55   14  282     1          False       25.0
62      WP  200401W  2004021818  14.941026    0.0000   0  1002.0  132.7   8.6         31         78  172   66  315  223   44  -182   54   13  282     1          False       25.0
63      WP  200401W  2004021821  14.341170    0.0000   0  1003.0  132.6   8.6         30         78  169   48  313  196   41  -198   56   13  282     1           True       23.0
64      WP  200401W  2004021900  13.328738    0.0000   0  1004.0  132.5   8.5         29         77  166   29  311  168   37  -214   57   13  282     1           True       20.0
65      WP  200401W  2004021903  12.993101    0.0000   0  1004.0  132.4   8.5         25         77  171   34  291  169   28  -214   57   14  282     1           True       20.0
66      WP  200401W  2004021906  13.153692    0.0000   0  1004.0  132.3   8.5         21         76  176   39  270  169   18  -214   57   14  282     1           True       20.0
67      WP  200402W  2004031406  14.270019    0.0000   0  1004.0  142.3   4.0        NaN        NaN  NaN  NaN  NaN  NaN  NaN   NaN  NaN  NaN  NaN     1           True       20.0
68      WP  200402W  2004031409  14.421658    0.0000  23  1004.0  141.9   4.6        NaN        NaN  NaN  NaN  NaN  NaN  NaN   NaN  NaN  NaN  NaN     1           True       20.0
69      WP  200402W  2004031412  14.219057    0.0000  45  1004.0  141.5   5.2        NaN        NaN  NaN  NaN  NaN  NaN  NaN   NaN  NaN  NaN  NaN     1           True       20.0
70      WP  200402W  2004031415  15.002336    0.0000  45  1004.0  141.2   5.6        NaN        NaN  NaN  NaN  NaN  NaN  NaN   NaN  NaN  NaN  NaN     1           True       20.0
71      WP  200402W  2004031418  15.108842    0.0000  45  1004.0  140.9   5.9        NaN        NaN  NaN  NaN  NaN  NaN  NaN   NaN  NaN  NaN  NaN     1           True       20.0
72      WP  200402W  2004031421  15.190845    0.0000  40  1004.0  140.6   6.2        NaN        NaN  NaN  NaN  NaN  NaN  NaN   NaN  NaN  NaN  NaN     1           True       20.0
73      WP  200402W  2004031500  15.252334    0.0000  35  1004.0  140.2   6.5        NaN        NaN  NaN  NaN  NaN  NaN  NaN   NaN  NaN  NaN  NaN     1           True       20.0
74      WP  200402W  2004031503  15.159002    0.0000  40  1004.0  139.8   6.7        NaN        NaN  NaN  NaN  NaN  NaN  NaN   NaN  NaN  NaN  NaN     1           True       20.0
75      WP  200402W  2004031506  15.295160    0.0000  45  1004.0  139.5   6.9        NaN        NaN  NaN  NaN  NaN  NaN  NaN   NaN  NaN  NaN  NaN     1           True       20.0
76      WP  200402W  2004031509  15.735837    0.0000  45  1003.0  139.1   7.0        NaN        NaN  NaN  NaN  NaN  NaN  NaN   NaN  NaN  NaN  NaN     1           True       23.0
77      WP  200402W  2004031512  15.680824    0.0000  45  1002.0  138.7   7.0        NaN        NaN  NaN  NaN  NaN  NaN  NaN   NaN  NaN  NaN  NaN     1           True       25.0
78      WP  200402W  2004031515  15.861643    0.0000  45  1002.0  138.4   7.0        NaN        NaN  NaN  NaN  NaN  NaN  NaN   NaN  NaN  NaN  NaN     1           True       25.0
79      WP  200402W  2004031518  16.441797    0.0000  45  1002.0  138.2   6.9        NaN        NaN  NaN  NaN  NaN  NaN  NaN   NaN  NaN  NaN  NaN     1           True       25.0
80      WP  200402W  2004031521  16.885866    0.0000  45  1002.0  138.1   6.8        NaN        NaN  NaN  NaN  NaN  NaN  NaN   NaN  NaN  NaN  NaN     1           True       25.0
81      WP  200402W  2004031600  16.838091    0.0000  45  1002.0  137.9   6.6        NaN        NaN  NaN  NaN  NaN  NaN  NaN   NaN  NaN  NaN  NaN     1           True       25.0
82      WP  200402W  2004031603  17.550621    0.0000  45  1002.0  137.8   6.4        NaN        NaN  NaN  NaN  NaN  NaN  NaN   NaN  NaN  NaN  NaN     1           True       25.0
83      WP  200402W  2004031606  18.083911    0.0000  45  1002.0  137.6   6.3         66         82  221  101  354  408   39  -224   50   14  287     1           True       25.0
84      WP  200402W  2004031609  18.539436    0.0000  45  1001.0  137.3   6.1         59         83  227   94  356  418   43  -228   51   14  288     1           True       28.0
85      WP  200402W  2004031612  17.402725    0.0000  45  1000.0  137.1   5.9         52         83  232   87  357  427   47  -231   51   14  288     1          False       30.0
86      WP  200402W  2004031615  17.874155    0.0000  43  1000.0  136.8   5.8         45         83  209   82  355  409   42  -221   53   14  289     1          False       30.0
87      WP  200402W  2004031618  17.588030    0.0000  40  1000.0  136.6   5.6         38         83  185   76  353  390   36  -211   54   14  289     1          False       30.0
88      WP  200402W  2004031621  18.449337    0.0000  40  1000.0  136.2   5.5         44         84  207   73  347  415   43  -228   56   14  290     1          False       30.0
89      WP  200402W  2004031700  18.489199    0.0000  40  1000.0  135.9   5.5         49         84  228   70  341  440   49  -244   57   14  290     1          False       30.0
90      WP  200402W  2004031703  19.084589    0.0000  40  1000.0  135.4   5.6         68         83  280   75  332  491   69  -271   57   14  290     1          False       30.0
91      WP  200402W  2004031706  19.014817    0.0000  40  1000.0  134.9   5.7         87         82  332   79  322  542   89  -297   57   14  290     1          False       30.0
92      WP  200402W  2004031709  19.707927    0.0000  35  1000.0  134.4   6.0         83         83  334   89  329  537   79  -309   56   14  290     1          False       30.0
93      WP  200402W  2004031712  19.732440    0.0000  30  1000.0  133.9   6.2         79         84  336   98  336  532   69  -320   55   14  289     1          False       30.0
94      WP  200402W  2004031715  19.872670    0.0000  38  1001.0  133.4   6.6         99         83  317  102  169  519   98  -309   49   14  289     1           True       28.0
95      WP  200402W  2004031718  20.717843    0.0000  45  1002.0  132.9   7.0        118         82  298  106    1  505  127  -298   43   13  288     1           True       25.0
96      WP  200402W  2004031721  22.218159    0.0000  45  1002.0  132.3   7.4        120         82  281  106    5  485  133  -290   42   14  288     1           True       25.0
97      WP  200402W  2004031800  19.301136    0.0000  45  1002.0  131.7   7.8        122         82  264  106    9  464  138  -282   41   14  288     1           True       25.0
98      WP  200402W  2004031803  20.609810    0.0000  45  1002.0  131.1   8.2        112         83  246  104   12  431  129  -256   40   15  288     1           True       25.0
99      WP  200402W  2004031806  22.191101    0.0000  45  1002.0  130.6   8.7        101         83  227  101   14  397  120  -230   39   15  287     1           True       25.0
100     WP  200402W  2004031809  23.559421    0.0000  43  1001.0  130.1   9.1         74         83  200  111   23  381   98  -222   34   15  287     1           True       28.0
101     WP  200402W  2004031812  23.429871    0.0000  40  1000.0  129.7   9.6         46         82  172  121   31  364   75  -214   28   15  286     1           True       30.0
102     WP  200402W  2004031815  25.349923    0.0000  40   999.0  129.1  10.0         41         84  155  126   42  343   44  -204   29   16  285     1           True       33.0
103     WP  200402W  2004031818  24.816744    0.0000  40   997.0  128.6  10.4         35         85  137  131   53  321   12  -193   29   16  284     1          False       35.0
104     WP  200402W  2004031821  25.571304    0.0000  40   997.0  128.3  10.7         42         85  135  122   63  300   24  -195   28   16  284     1           True       35.0
105     WP  200402W  2004031900  25.052018    0.0000  40   997.0  128.0  11.0         48         85  132  113   73  278   36  -197   26   16  283     1           True       35.0
106     WP  200402W  2004031903  26.610403    0.0000  40   997.0  127.7  11.3         58         84  127   90   82  246   53  -177   29   17  283     1           True       35.0
107     WP  200402W  2004031906  24.783678    0.0000  40   997.0  127.4  11.6         67         83  121   67   90  214   70  -156   32   18  282     1          False       35.0
108     WP  200402W  2004031909  21.592033    0.0000  40   997.0  127.1  11.9         63         84  124   57   92  189   68  -151   31   18  282     1          False       35.0
109     WP  200402W  2004031912  22.284140    0.0000  40   997.0  126.8  12.2         58         85  126   47   93  164   66  -145   29   17  281     1          False       35.0
110     WP  200402W  2004031915  22.916759    0.0000  40   997.0  126.5  12.4         62         85  123   38   93  167   59  -132   28   17  280     1          False       35.0
111     WP  200402W  2004031918  26.530882    0.0000  40   997.0  126.3  12.7         66         85  119   29   93  170   51  -118   26   17  279     1           True       35.0
112     WP  200402W  2004031921  22.165369    0.0000  40   997.0  126.0  12.9         75         84   93   33   92  170   61  -102   25   18  279     1          False       35.0
113     WP  200402W  2004032000  20.631789    0.0000  40   997.0  125.7  13.2         84         83   66   36   91  170   71   -85   23   18  279     1          False       35.0
114     WP  200402W  2004032003  21.052670    0.0000  40   997.0  125.4  13.4         71         83   74   40   82  174   65   -77   26   18  278     1          False       35.0
115     WP  200402W  2004032006  22.549181    0.0000  40   997.0  125.1  13.7         57         83   82   43   73  177   58   -69   29   18  277     1          False       35.0
116     WP  200402W  2004032009  23.164052    0.0000  40   997.0  125.0  14.0         50         82   67   61   72  196   50   -58   26   18  277     1          False       35.0
117     WP  200402W  2004032012  24.538098    0.0000  40   997.0  124.9  14.3         42         81   51   79   70  215   41   -47   22   17  276     1          False       35.0
118     WP  200402W  2004032015  27.885415   56.6712  40   997.0  124.7  14.5         46         80   55  102   72  227   46   -33   20   17  276     1           True       35.0
119     WP  200402W  2004032018  27.060511  113.3424  40   997.0  124.5  14.7         49         78   58  124   73  239   50   -18   17   16  275     1           True       35.0
120     WP  200402W  2004032021  24.182581  111.1200  40   997.0  124.3  14.8         64         78   70  146   82  259   57   -15   16   17  275     1          False       35.0
121     WP  200402W  2004032100  18.985900  108.8976  40   997.0  124.1  15.0         78         77   81  167   90  278   63   -11   14   18  274     1          False       35.0
122     WP  200402W  2004032103  16.232588  108.8976  40   997.0  124.0  15.2         71         76   57  162   89  276   65   -18   16   19  274     1          False       35.0
123     WP  200402W  2004032106  14.793455  108.8976  40   997.0  124.0  15.5         64         75   33  157   88  273   66   -24   18   20  273     1          False       35.0
124     WP  200402W  2004032109  14.161672  100.7488  40   997.0  124.1  15.8         61         75   51  160   85  286   67   -16   14   20  273     1          False       35.0
125     WP  200402W  2004032112  15.659678   92.6000  40   997.0  124.2  16.0         57         75   69  163   82  298   67    -7   10   20  272     1          False       35.0
126     WP  200402W  2004032115  15.512491   46.3000  40   999.0  124.2  16.2         59         75   98  156   86  308   61    34    9   21  272     1          False       33.0
127     WP  200402W  2004032118  16.240233    0.0000  40  1000.0  124.2  16.5         60         74  127  149   89  318   55    74    7   21  271     1          False       30.0
128     WP  200402W  2004032121  16.095539    0.0000  40  1001.0  124.2  16.7         57         75  146  145   90  335   50    89    8   22  270     1          False       28.0
129     WP  200402W  2004032200  16.383946    0.0000  40  1002.0  124.2  16.9         54         76  164  141   90  352   44   104    9   22  269     1           True       25.0
130     WP  200402W  2004032203  15.215682    0.0000  35  1003.0  124.3  16.9         44         76  152  123   81  325   33   109   10   23  270     1           True       25.0
131     WP  200402W  2004032206  15.571520    0.0000  30  1004.0  124.5  16.8         33         75  140  105   71  298   21   114   10   23  270     1           True       25.0
132     WP  200402W  2004032209  14.261131    0.0000  15  1003.0  124.7  16.8         22         76  151  126   68  321   15   116   12   23  270     1          False       25.0
133     WP  200402W  2004032212  14.120700    0.0000   0  1002.0  124.9  16.7         10         77  161  147   64  344    8   118   13   22  270     1          False       25.0
134     WP  200402W  2004032215  14.378084    0.0000   0  1002.0  125.1  16.7          6         78  172  163   61  373    1   131   16   21  270     1          False       25.0
135     WP  200402W  2004032218  12.999657    0.0000   0  1002.0  125.3  16.7          2         78  182  179   58  401   -6   144   18   20  269     1          False       25.0
136     WP  200402W  2004032221  14.817947    0.0000   0  1003.0  125.4  16.9         -3         79  196  193   62  425   -4   156   20   21  268     1           True       23.0
137     WP  200402W  2004032300  15.095832    0.0000   0  1004.0  125.6  17.0         -8         79  209  207   66  449   -2   168   21   21  267     1           True       20.0
138     WP  200402W  2004032303  15.015028    0.0000   0  1004.0  125.8  17.1        -20         78  204  197   71  435  -12   177   24   21  266     1           True       20.0
139     WP  200402W  2004032306  15.506618    0.0000   0  1004.0  126.0  17.3        -31         76  199  186   75  420  -21   185   26   20  265     1           True       20.0
140     WP  200402W  2004032309  16.071767    0.0000   0  1004.0  126.0  17.6        -22         77  230  193   79  448  -11   219   23   21  263     1           True       20.0
141     WP  200402W  2004032312  14.632479    0.0000   0  1004.0  126.1  17.9        -12         77  261  199   83  475   -1   252   19   21  261     1           True       20.0