Data Structure Information:
<class 'pandas.core.frame.DataFrame'>
Int64Index: 76835 entries, 0 to 76834
Data columns (total 23 columns):
 #   Column         Non-Null Count  Dtype  
---  ------         --------------  -----  
 0   region         76835 non-null  object 
 1   ID             76835 non-null  object 
 2   time           76835 non-null  object 
 3   Vmax           76835 non-null  float64
 4   R34            76835 non-null  float64
 5   RMW            70350 non-null  object 
 6   MSLP           76835 non-null  float64
 7   lon            76835 non-null  float64
 8   lat            76835 non-null  float64
 9   SHIPS_D200     55615 non-null  object 
 10  SHIPS_RHLO     55615 non-null  object 
 11  SHRD           55615 non-null  object 
 12  SHRS           55615 non-null  object 
 13  SHTS           55615 non-null  object 
 14  SHRG           55615 non-null  object 
 15  DIVC           55615 non-null  object 
 16  U200           55615 non-null  object 
 17  EPSS           55615 non-null  object 
 18  ENSS           55615 non-null  object 
 19  RSST           55615 non-null  object 
 20  check          76835 non-null  object 
 21  valid_profile  76835 non-null  bool   
 22  Vmax_best      76835 non-null  float64
dtypes: bool(1), float64(6), object(16)
memory usage: 13.6+ MB


Top 10 Data:
   region       ID        time       Vmax      R34 RMW    MSLP    lon   lat SHIPS_D200 SHIPS_RHLO SHRD SHRS SHTS SHRG DIVC  U200 EPSS ENSS RSST check  valid_profile  Vmax_best
0      WP  200401W  2004021100  15.936704   0.0000   0  1006.0  147.2   8.2        NaN        NaN  NaN  NaN  NaN  NaN  NaN   NaN  NaN  NaN  NaN     1           True       15.0
1      WP  200401W  2004021103  17.512036   0.0000   0  1005.0  146.7   8.5        NaN        NaN  NaN  NaN  NaN  NaN  NaN   NaN  NaN  NaN  NaN     1           True       18.0
2      WP  200401W  2004021106  17.476355   0.0000   0  1004.0  146.2   8.8        NaN        NaN  NaN  NaN  NaN  NaN  NaN   NaN  NaN  NaN  NaN     1           True       20.0
3      WP  200401W  2004021109  20.755124   0.0000   0  1004.0  145.6   9.2        NaN        NaN  NaN  NaN  NaN  NaN  NaN   NaN  NaN  NaN  NaN     1           True       20.0
4      WP  200401W  2004021112  20.237560   0.0000   0  1004.0  145.1   9.6        NaN        NaN  NaN  NaN  NaN  NaN  NaN   NaN  NaN  NaN  NaN     1           True       20.0
5      WP  200401W  2004021115  24.749842   0.0000   0  1003.0  144.6  10.0        NaN        NaN  NaN  NaN  NaN  NaN  NaN   NaN  NaN  NaN  NaN     1           True       23.0
6      WP  200401W  2004021118  24.808107   0.0000   0  1002.0  144.0  10.4         53         80   94   90   66  246   71  -199   41   15  283     1           True       25.0
7      WP  200401W  2004021121  25.237652   0.0000  30  1002.0  143.3  10.8         60         80   88   86   79  234   68  -192   38   15  283     1           True       25.0
8      WP  200401W  2004021200  22.100362   0.0000  60  1002.0  142.7  11.1         67         80   82   82   91  222   65  -185   35   15  283     1           True       25.0
9      WP  200401W  2004021203  21.776451   0.0000  45  1001.0  142.0  11.3         48         79  105   77   86  237   56  -186   33   16  284     1           True       28.0
10     WP  200401W  2004021206  21.578376   0.0000  30  1000.0  141.3  11.6         28         78  128   72   81  252   46  -186   30   16  284     1           True       30.0
11     WP  200401W  2004021209  23.856641   0.0000  30  1000.0  140.8  12.1         30         79  152   64   84  267   45  -170   31   16  284     1           True       30.0
12     WP  200401W  2004021212  21.852558   0.0000  30  1000.0  140.3  12.7         31         80  175   56   86  282   43  -153   31   16  283     1           True       30.0
13     WP  200401W  2004021215  21.125888   0.0000  30  1000.0  139.6  12.6         43         82  170   49   74  258   54  -149   30   16  283     1           True       30.0
14     WP  200401W  2004021218  19.116281   0.0000  30  1000.0  138.9  12.4         55         83  164   42   61  234   64  -144   28   16  283     1          False       30.0
15     WP  200401W  2004021221  19.379027   0.0000  30  1000.0  138.2  12.4         56         81  172   53   47  255   62  -160   23   17  283     1          False       30.0
16     WP  200401W  2004021300  19.875232   0.0000  30  1000.0  137.6  12.4         56         79  179   63   33  275   59  -176   17   18  283     1          False       30.0
17     WP  200401W  2004021303  21.000412   0.0000  30  1000.0  137.1  12.6         63         78  172   69   46  284   59  -178   20   18  283     1           True       30.0
18     WP  200401W  2004021306  21.811378   0.0000  30  1000.0  136.7  12.8         70         77  164   75   59  292   59  -180   23   18  282     1           True       30.0
19     WP  200401W  2004021309  21.987623   0.0000  30   999.0  136.3  13.1         69         76  197   93   68  332   64  -172   21   18  282     1          False       33.0
20     WP  200401W  2004021312  20.751972   0.0000  30   997.0  135.9  13.4         67         74  230  111   77  372   68  -164   18   18  281     1          False       35.0
21     WP  200401W  2004021315  38.000000  34.8176  30   996.0  135.7  13.8         73         74  216  110   79  340   79  -114   15   19  280     2          False       38.0
22     WP  200401W  2004021318  40.000000  69.4500  30   994.0  135.4  14.1         79         73  201  108   81  308   89   -63   11   19  278     0           True       40.0
23     WP  200401W  2004021321  38.000000  69.4500  30   996.0  135.3  14.4         70         74  174  110   83  291   75   -54    9   19  277     0           True       38.0
24     WP  200401W  2004021400  20.765029  69.4500  30   997.0  135.2  14.8         60         74  147  112   84  274   61   -44    7   19  275     1          False       35.0
25     WP  200401W  2004021403  20.378933  69.4500  25   997.0  135.4  15.1         74         73  127   93   78  255   72   -33    4   27  275     1          False       35.0
26     WP  200401W  2004021406  19.453493  69.4500  20   997.0  135.6  15.3         88         72  107   73   72  235   82   -22    0   34  274     1          False       35.0
27     WP  200401W  2004021409  18.782452  34.8176  20   999.0  135.8  15.1         92         74  117   72   57  232   85   -44    1   31  275     1          False       33.0
28     WP  200401W  2004021412  17.402031   0.0000  20  1000.0  135.9  14.8         96         75  127   71   42  229   87   -65    1   27  276     1          False       30.0
29     WP  200401W  2004021415  17.173562   0.0000  30  1000.0  136.1  14.8         91         76  118   73   43  229   90   -69    1   26  276     1          False       30.0
30     WP  200401W  2004021418  16.979986   0.0000  40  1000.0  136.3  14.7         85         76  109   75   44  229   93   -72    1   24  276     1          False       30.0
31     WP  200401W  2004021421  17.146080   0.0000  40  1000.0  136.4  14.8         73         74   94   71   49  226   80   -78    1   32  276     1          False       30.0
32     WP  200401W  2004021500  18.134712   0.0000  40  1000.0  136.6  14.9         61         72   78   66   53  222   66   -83    0   39  275     1          False       30.0
33     WP  200401W  2004021503  17.648582   0.0000  40  1000.0  136.8  14.9         60         73  101   52   43  237   61   -94    0   41  275     1          False       30.0
34     WP  200401W  2004021506  17.256285   0.0000  40  1000.0  137.0  14.8         58         73  123   37   33  251   56  -104    0   43  275     1          False       30.0
35     WP  200401W  2004021509  17.570549   0.0000  40  1001.0  136.9  14.7         38         73  140   43   27  254   32  -117    0   45  276     1          False       28.0
36     WP  200401W  2004021512  17.948692   0.0000  40  1002.0  136.8  14.5         18         72  156   49   21  256    8  -130    0   47  277     1           True       25.0
37     WP  200401W  2004021515  18.128426   0.0000  50  1002.0  136.4  14.4         19         71  176   56   26  265   18  -130    0   50  277     1           True       25.0
38     WP  200401W  2004021518  19.186572   0.0000  60  1002.0  136.1  14.3         19         70  196   62   30  273   27  -129    0   53  277     1           True       25.0
39     WP  200401W  2004021521  18.684094   0.0000  60  1002.0  135.9  13.8         13         70  193   65  194  269    9  -134    0   45  279     1           True       25.0
40     WP  200401W  2004021600  18.248488   0.0000  60  1002.0  135.8  13.3          6         70  190   67  357  264   -9  -139    0   37  280     1           True       25.0
41     WP  200401W  2004021603  17.318354   0.0000  60  1002.0  135.8  12.6         -3         72  219   77  349  300   -8  -160    8   28  281     1           True       25.0
42     WP  200401W  2004021606  17.118491   0.0000  60  1002.0  135.7  11.9        -11         73  247   86  340  335   -7  -181   15   18  281     1           True       25.0
43     WP  200401W  2004021609  17.562810   0.0000  30  1002.0  135.4  11.4         -6         73  262   82  331  343    7  -203   19   18  281     1           True       25.0
44     WP  200401W  2004021612  17.816640   0.0000   0  1002.0  135.2  10.8          0         73  276   77  321  350   21  -225   22   17  281     1           True       25.0
45     WP  200401W  2004021615  17.181593   0.0000   0  1002.0  134.8  10.5          5         73  260   76  314  328   23  -213   24   17  282     1           True       25.0
46     WP  200401W  2004021618  16.553263   0.0000   0  1002.0  134.4  10.2         10         73  244   74  307  306   24  -200   26   16  282     1           True       25.0
47     WP  200401W  2004021621  16.279394   0.0000   0  1002.0  134.2   9.9         -3         73  256   98  305  331    5  -199   30   16  282     1           True       25.0
48     WP  200401W  2004021700  16.314356   0.0000   0  1002.0  134.1   9.6        -16         72  268  121  303  356  -14  -197   34   15  282     1           True       25.0
49     WP  200401W  2004021703  15.862064   0.0000   0  1002.0  134.0   9.4        -16         74  252  129  304  348  -15  -182   32   16  283     1           True       25.0